0.543 0.398
0.543 0.367
0.547 0.271
0.552 0.185
0.556 0.125
0.557 0.095
0.557 0.095
0.557 0.096
0.564 0.154
0.568 0.229
0.570 0.302
0.573 0.365
0.574 0.379
0.576 0.385
0.576 0.395
0.576 0.395
0.576 0.395
0.576 0.395
0.576 0.395
0.576 0.395
0.583 0.401
0.745 0.513
0.828 0.570
0.893 0.607
0.908 0.620
0.911 0.625
0.910 0.625
0.901 0.613
0.849 0.581
0.674 0.492
0.620 0.464
0.604 0.449
0.596 0.439
0.595 0.439
0.595 0.439
0.595 0.439
0.595 0.439
0.595 0.439
0.595 0.439
0.594 0.439
0.576 0.453
0.521 0.470
0.451 0.517
0.307 0.579
0.276 0.594
0.272 0.598
0.271 0.600
0.271 0.600
0.273 0.595
0.288 0.579
0.374 0.501
0.520 0.413
0.534 0.400
0.534 0.398
0.534 0.398
0.534 0.398
0.534 0.398
0.534 0.398
0.534 0.398
