0.461 0.118
0.534 0.118
0.625 0.118
0.747 0.117
0.802 0.117
0.826 0.118
0.829 0.118
0.829 0.118
0.829 0.118
0.829 0.118
0.829 0.118
0.829 0.118
0.828 0.156
0.828 0.188
0.828 0.286
0.831 0.344
0.832 0.393
0.832 0.405
0.833 0.417
0.835 0.419
0.835 0.419
0.835 0.419
0.835 0.419
0.835 0.419
0.835 0.419
0.831 0.424
0.780 0.462
0.698 0.556
0.689 0.565
0.668 0.609
0.664 0.615
0.655 0.630
0.648 0.639
0.646 0.645
0.646 0.645
0.646 0.645
0.646 0.645
0.642 0.635
0.641 0.632
0.628 0.612
0.599 0.568
0.531 0.487
0.499 0.443
0.475 0.405
0.465 0.391
0.458 0.384
0.457 0.382
0.457 0.382
0.457 0.382
0.457 0.382
0.457 0.382
0.457 0.382
0.457 0.382
0.458 0.375
0.461 0.367
0.471 0.271
0.474 0.263
0.477 0.227
0.478 0.217
0.479 0.198
0.479 0.184
0.479 0.163
0.478 0.158
0.478 0.156
0.478 0.156
0.478 0.156
0.478 0.156
0.478 0.156
0.478 0.156
0.478 0.156
0.478 0.156
0.478 0.156
