0.439 0.404
0.487 0.404
0.602 0.404
0.729 0.404
0.841 0.401
0.914 0.401
0.930 0.402
0.936 0.404
0.936 0.404
0.936 0.404
0.936 0.404
0.935 0.404
0.896 0.388
0.826 0.370
0.755 0.328
0.698 0.313
0.691 0.309
0.691 0.309
0.691 0.309
0.691 0.309
0.691 0.309
0.691 0.310
0.691 0.336
0.690 0.445
0.688 0.509
0.686 0.516
0.686 0.516
0.686 0.516
0.686 0.516
0.686 0.516
0.686 0.516
0.689 0.512
0.703 0.500
0.766 0.470
0.852 0.426
0.927 0.410
0.958 0.405
0.962 0.404
0.962 0.401
0.962 0.401
0.962 0.401
0.962 0.401
0.962 0.401
0.962 0.401
0.962 0.401
