Landscape_StartDefinition
	worldSizeX 4442
	worldSizeZ 4442
	cellSize 17.20
	outsideHeight -2.25
	landColourFile landscape_default.bmp
	wavesColourFile waves_containmentfield.bmp
	waterColourFile water_default.bmp
Landscape_EndDefinition

LandscapeTiles_StartDefinition
	#                            frac  height desired gen         lowland
	# x       y       z    size   dim  scale  height  method seed smooth  guideGrid
	# =============================================================================
	  2291  -1.50     16   1104  0.90   1.40    249      0     11   0.93     0
	  3002  -0.71    892    894  1.37   1.73    170      1 380303   1.03     0
	  1627  -1.88   1519   1944  1.31   1.84    193      1 246769   0.99     0
	   479  -0.47   1216   1464  1.25   2.00    309      1 292204   0.95     0
	   911  -1.53   1531    624  2.07   2.11     56      1 990920   1.00     0
	  2795  -1.21   2950   1454  1.36   2.94    200      1 1332304   1.19     0
	  1025  -1.03   3252   1134  1.23   1.00    200      1 1676827   1.00     0
	   660  -1.23   2824   1134  1.13   1.04    200      1 2095707   1.00     0
	  1920  -1.97   3249    944  0.63   1.00     60      1 382212   1.00     0
	  3103   0.00   3474    124  1.20   1.00     50      1      1   1.00     0
	  3334  -0.02   1840    964  1.20   0.01    100      1 946215   1.00     0
	  1887  -0.97    795   1074  0.64   0.32    100      1 446264   1.00     0
LandscapeTiles_EndDefinition

LandFlattenAreas_StartDefinition
	# x      y       z      size
	# ==========================
LandFlattenAreas_EndDefinition

Lights_StartDefinition
	# x      y      z        r      g      b
	# =========================================
	  0.07   0.35   0.93     1.00   1.00   1.00
	 -0.04   0.43   0.90     2.77   1.07   0.00
Lights_EndDefinition

Buildings_StartDefinition
	# Type              id      x       z       tm      rx      rz      isGlobal
	# ==========================================================================
	TrunkPort           0       2617.15 2957.95 255     0.02    -1.00   1       2       
	TrunkPort           2       616.26  1588.26 255     1.00    0.00    1       6       
	TrunkPort           3       3657.29 3705.51 255     -0.99   0.16    1       4       
	TrunkPort           4       3673.58 1455.90 255     -1.00   0.01    1       5       
	LaserFence          5       1820.64 2560.49 2       -0.90   0.43    0       76      2.50  2
	LaserFence          6       2235.14 2785.27 2       -0.77   0.64    0       5       2.43  2
	LaserFence          7       2408.91 3056.34 2       -0.86   0.52    0       6       2.07  2
	LaserFence          9       2192.35 2316.56 2       -0.17   -0.99   0       10      2.50  2
	LaserFence          10      2434.36 2190.17 2       0.03    -1.00   0       11      2.29  2
	LaserFence          11      2654.55 2217.13 2       -0.17   -0.99   0       12      2.10  2
	LaserFence          12      2830.07 1953.83 2       -0.94   -0.35   0       13      3.00  2
	LaserFence          13      2894.75 1670.48 2       -0.66   -0.75   0       14      3.11  2
	LaserFence          14      3382.08 1872.51 2       0.70    -0.71   0       16      3.00  2
	LaserFence          15      2818.72 2836.40 2       0.96    0.29    0       19      2.26  2
	LaserFence          16      3402.08 2249.77 2       0.99    0.10    0       17      3.00  2
	LaserFence          17      3314.32 2616.08 2       0.62    0.78    0       18      2.19  2
	LaserFence          18      2954.06 2617.41 2       0.41    0.91    0       15      1.84  2
	LaserFence          19      2908.28 3299.60 2       0.88    0.47    0       20      2.54  2
	LaserFence          20      2481.98 3302.04 2       -0.90   0.43    0       7       2.39  2
	LaserFence          22      1856.02 1640.52 2       -0.18   -0.98   0       23      1.50  2
	LaserFence          23      1737.44 1697.98 2       -0.55   -0.84   0       -1      2.50  2
	LaserFence          25      1551.31 2055.78 2       -1.00   -0.09   0       26      1.50  2
	LaserFence          26      1418.76 2244.24 2       -0.98   -0.19   0       27      1.00  2
	LaserFence          27      1345.18 2501.63 2       -0.77   0.64    0       28      1.00  2
	LaserFence          28      1515.04 2552.90 2       -0.77   0.64    0       29      1.00  2
	LaserFence          29      1599.70 2916.23 2       -0.83   0.56    0       30      1.00  2
	LaserFence          30      1698.96 3202.45 2       -0.42   0.91    0       31      1.00  2
	LaserFence          31      1995.12 3482.24 2       -0.63   0.78    0       32      1.40  2
	LaserFence          32      2199.91 3629.70 2       -0.88   0.47    0       33      1.49  2
	LaserFence          33      2320.36 3907.97 2       -0.46   0.89    0       34      1.49  2
	LaserFence          34      2430.86 3962.13 2       0.12    0.99    0       35      1.52  2
	LaserFence          35      2690.71 3800.72 2       0.41    0.91    0       36      1.00  2
	LaserFence          36      2864.92 3948.27 2       0.27    0.96    0       37      1.00  2
	LaserFence          37      3060.44 3864.96 2       0.27    0.96    0       38      1.00  2
	LaserFence          38      3158.43 3556.64 2       0.99    -0.10   0       39      1.00  2
	LaserFence          39      3013.42 3317.94 2       0.82    -0.57   0       40      1.00  2
	LaserFence          40      3018.24 3169.86 2       0.70    0.71    0       41      1.00  2
	LaserFence          41      3181.36 3090.16 2       0.58    0.81    0       42      1.00  2
	LaserFence          42      3327.10 2932.09 2       0.80    0.60    0       43      1.00  2
	LaserFence          43      3444.66 2658.46 2       0.62    0.78    0       44      1.00  2
	LaserFence          44      3810.80 2546.81 2       0.62    0.78    0       45      1.00  2
	LaserFence          45      3826.97 2374.99 2       0.99    0.10    0       55      1.59  2
	LaserFence          46      3988.11 2026.03 2       1.00    -0.05   0       47      1.56  2
	LaserFence          47      3816.21 1696.11 2       0.83    -0.56   0       52      1.50  2
	LaserFence          21      2112.61 1692.55 2       -0.08   -1.00   0       22      1.00  2
	LaserFence          48      2401.68 1593.60 2       -0.59   -0.81   0       21      1.00  2
	LaserFence          49      2690.11 1320.86 2       0.07    -1.00   0       48      1.00  2
	LaserFence          50      3051.10 1561.72 2       0.58    -0.81   0       49      1.00  2
	LaserFence          51      3352.15 1486.82 2       -0.23   -0.97   0       50      1.50  2
	LaserFence          52      3755.31 1568.49 2       0.58    -0.81   0       53      1.50  2
	LaserFence          53      3610.32 1561.24 2       0.27    -0.96   0       54      1.50  2
	LaserFence          54      3493.75 1490.41 2       0.17    -0.99   0       51      1.50  2
	LaserFence          55      3914.16 2269.80 2       0.92    0.39    0       46      1.00  2
	RadarDish           57      1080.38 2609.69 1       0.43    -0.90   1       
	RadarDish           58      1499.09 3040.36 1       0.00    1.00    1       
	RadarDish           59      2012.35 4271.20 1       -0.91   0.41    1       
	RadarDish           60      3010.76 4121.31 1       1.00    0.07    1       
	RadarDish           61      1181.73 1287.72 1       -0.61   0.80    1       
	RadarDish           62      2458.94 927.86  1       0.96    0.27    1       
	Tree                56      1547.12 3708.06 255     1.00    0.00    0       72.17   10.00   1.14    1.00    6       0       1681873407  624669789   
	ControlTower        63      585.88  1485.45 1       -0.63   -0.78   1       2       
	ControlTower        64      3591.51 3852.86 1       -0.49   0.87    1       3       
	Tree                65      1401.34 3576.89 255     1.00    0.00    0       76.31   10.00   1.14    1.00    6       78364   1681873407  624669789   
	Tree                66      1321.89 3792.95 255     1.00    0.00    0       79.29   10.00   1.14    1.00    6       78785   1681873407  624669789   
	Tree                67      1186.75 3699.55 255     1.00    0.00    0       79.64   10.00   1.14    1.00    6       78813   1681873407  624669789   
	Tree                68      1413.77 3748.52 255     1.00    0.00    0       72.88   10.00   1.14    1.00    6       78852   1681873407  624669789   
	Tree                69      2470.85 2487.79 255     1.00    0.00    0       178.17  10.00   1.14    1.00    7       81794   1681873407  624669789   
	Tree                70      1230.95 3778.48 255     1.00    0.00    0       40.66   10.00   0.79    1.10    5       82441   1681873407  624669789   
	Tree                71      1483.59 3680.76 255     1.00    0.00    0       42.75   10.00   0.79    1.10    5       82859   1681873407  624669789   
	Tree                72      1363.78 3702.95 255     1.00    0.00    0       38.94   10.00   0.79    1.10    5       82899   1681873407  624669789   
	LaserFence          8       1921.33 2233.06 2       -0.63   -0.78   0       9       2.50  2
	LaserFence          73      1866.47 2320.31 2       -1.00   0.01    0       8       3.06  2
	LaserFence          76      1815.84 2462.69 2       -1.00   0.06    0       -1      2.64  2
	LaserFence          24      1582.51 1860.23 2       -0.55   -0.84   0       25      2.50  2
	ControlTower        79      3765.70 1282.35 1       -0.79   -0.62   1       4       
	ControlTower        80      2556.86 2845.34 1       0.41    -0.91   1       0       
	SafeArea            85      2502.47 2561.00 0       1.00    0.00    1       383.72 150 12
	ControlTower        86      1203.37 1382.03 1       0.17    0.99    1       61      
	ControlTower        87      2547.79 978.65  1       0.07    1.00    1       62      
	ControlTower        88      2019.88 4195.87 1       0.59    -0.80   1       59      
	ControlTower        89      1447.14 3086.10 1       -0.63   0.78    1       58      
	ControlTower        90      2979.31 4205.73 1       -0.86   0.51    1       60      
	ControlTower        91      791.27  1948.77 1       0.89    -0.46   1       82      
	ControlTower        92      2990.98 914.31  1       -0.77   -0.64   1       83      
	ControlTower        93      3813.37 4234.61 1       -0.76   0.66    1       84      
	ControlTower        94      987.32  2598.53 1       -0.63   0.78    1       57      
	ResearchItem        95      1859.76 3955.41 1       -0.29   -0.55   0       Officer      2
Buildings_EndDefinition

