Landscape_StartDefinition
	worldSizeX 3677
	worldSizeZ 3677
	cellSize 15.76
	outsideHeight -15.39
	landColourFile landscape_launchpad.bmp
	wavesColourFile waves_launchpad.bmp
	waterColourFile water_launchpad.bmp
Landscape_EndDefinition

LandscapeTiles_StartDefinition
	#                            frac  height desired gen         lowland
	# x       y       z    size   dim  scale  height  method seed smooth  guideGrid
	# =============================================================================
	  2313  -2.42   2304    949  1.20   2.74    185      1      8   1.00     1   AA
	  2525  -2.42   1796    949  2.05   3.12    181      1      3   1.00     1   AA
	  2165  -2.42   1289    949  1.20   2.93     94      1      5   1.00     1   AA
	   844  -2.37   1134   1450  1.20   3.00    200      1      1   1.00     2   AAAAAAAAAAAAAAAAAA
	   137  -0.50    260   1158  1.30   2.46    300      1     19   1.00     1   AA
	  2038  -4.86    103   1217  1.20   1.00    130      1     34   1.00     0
	   519   0.00   2517    791  3.00   3.00    120      1     32   1.00     1   AA
	   925   0.00   2723    791  3.00   3.00    120      1      3   1.00     1   AA
	  2676  -2.42   2681    717  1.30   3.00    250      1     37   1.00     1   AA
	  2188  -2.42   2716    716  5.00   2.74    157      1    559   1.00     1   AA
	  1382   0.00    666    292  1.20   1.00    200      1      1   1.00     0
	  1850   0.00   2962    104  1.20   1.00     81      0      5   1.00     0
	   435   0.00   2003    184  0.71   1.00     42      0      5   1.00     0
LandscapeTiles_EndDefinition

LandFlattenAreas_StartDefinition
	# x      y       z      size
	# ==========================
LandFlattenAreas_EndDefinition

Lights_StartDefinition
	# x      y      z        r      g      b
	# =========================================
	  0.07   0.35   0.93     1.00   1.00   1.00
	 -0.04   0.43   0.90     2.00   1.00   0.40
Lights_EndDefinition

Buildings_StartDefinition
	# Type              id      x       z       tm      rx      rz      isGlobal
	# ==========================================================================
	TrunkPort           4       637.64  2970.29 1       0.83    -0.56   1       5       
	SolarPanel          19      2803.74 2523.60 1       0.00    0.97    0       25      
	SolarPanel          22      2901.02 2859.67 1       0.00    0.99    0       25      
	SolarPanel          25      2692.08 2740.37 1       0.00    0.95    0       34      
	Pylon               32      2371.00 3021.39 1       0.27    -0.96   0       21      
	Pylon               34      2538.82 2897.07 1       0.54    0.84    0       32      
	Pylon               39      1606.42 791.24  1       0.36    -0.93   0       5       
	SolarPanel          41      575.98  559.57  1       0.00    0.99    0       42      
	SolarPanel          42      408.34  711.38  1       0.00    0.98    0       44      
	SolarPanel          44      524.99  908.94  1       0.00    0.98    0       31      
	SolarPanel          45      625.92  772.75  1       0.00    0.98    0       26      
	Pylon               47      283.45  1172.52 1       0.99    -0.15   0       48      
	Pylon               48      444.03  1431.89 1       -0.90   0.43    0       49      
	Pylon               49      377.26  1824.63 1       0.95    -0.30   0       40      
	SpawnPoint          18      1286.44 2053.78 1       0.83    -0.56   0       
	SpawnPoint          51      1575.30 2223.80 1       0.07    -1.00   0       
	SpawnPoint          52      1914.04 1929.45 1       -1.00   0.04    0       
	SpawnPoint          54      1224.38 1697.28 1       0.83    0.56    0       
	TrunkPort           55      2014.40 1777.05 1       -0.73   0.69    1       9       
	SpawnLink           56      1986.99 1747.75 1       1.00    0.00    0       58    62    
	SpawnLink           58      2039.30 1944.02 1       1.00    0.00    0       52    50    
	SpawnLink           59      1774.14 2264.91 1       1.00    0.00    0       60    
	SpawnLink           60      1566.01 2353.05 1       1.00    0.00    0       61    51    
	SpawnLink           61      1347.10 2347.38 1       1.00    0.00    0       57    
	SpawnLink           62      1939.22 1617.60 1       1.00    0.00    0       102   
	SpawnLink           63      1494.06 1444.44 1       1.00    0.00    0       64    53    
	SpawnLink           64      1178.55 1561.86 1       1.00    0.00    0       54    
	SpawnPointMaster    65      2128.30 1566.73 1       1.00    0.00    0       56    
	RadarDish           66      1512.90 3044.25 1       -0.98   -0.18   1       
	RadarDish           67      2351.95 3140.44 1       1.00    0.02    1       
	RadarDish           68      2784.52 1749.84 1       0.00    1.00    1       
	RadarDish           69      2817.65 1157.46 1       0.04    -1.00   1       
	RadarDish           70      2196.95 515.45  1       1.00    0.07    1       
	RadarDish           71      1150.06 412.00  1       -0.99   0.17    1       
	RadarDish           72      763.46  878.81  1       -0.60   -0.80   1       
	RadarDish           73      1142.83 1376.58 1       0.56    0.83    1       
	ControlTower        75      1464.34 3007.21 1       -0.63   -0.78   1           66
	ControlTower        76      2347.61 3099.46 1       -0.55   -0.84   1           67
	ControlTower        77      2834.47 1761.37 1       0.88    0.48    1           68
	ControlTower        78      2899.19 1167.92 1       0.50    0.87    1           69
	ControlTower        79      2172.66 451.29  1       -0.52   -0.86   1           70
	ControlTower        80      1190.80 459.66  1       1.00    0.00    1           71
	ControlTower        81      810.80  869.45  1       0.99    -0.15   1           72
	ControlTower        82      1090.74 1376.46 1       -0.99   -0.11   1           73
	ControlTower        85      713.09  2979.68 2       0.83    0.56    1            4
	ControlTower        87      2523.99 3262.06 1       0.12    0.99    1           86
	ResearchItem        90      2948.04 3071.85 1       0.65    -0.42   0       Officer      3
	ControlTower        94      1062.96 722.03  1       -0.03   1.00    1           93
	FuelGenerator       1       1991.38 2870.69 1       0.34    -0.94   1          114 
	FuelPipe            92      1738.69 2376.38 1       -0.80   0.60    0           95 
	FuelPipe            95      1877.45 2246.56 1       0.07    1.00    0           96 
	FuelPipe            96      1720.67 2126.17 1       1.00    -0.10   0          106 
	FuelGenerator       2       1869.92 982.22  1       -0.48   0.88    1          116 
	FuelGenerator       3       677.80  1904.46 1       1.00    0.02    1          119 
	PylonEnd            21      2015.95 2929.48 1       0.54    0.84    0       1       
	PylonEnd            38      1849.46 915.36  1       -0.42   -0.91   0       2       
	PylonEnd            40      627.90  1936.67 1       -0.79   -0.61   0       3       
	FuelPipe            99      1786.29 1499.47 1       0.94    0.34    0          100 
	FuelPipe            100     1605.44 1563.27 1       0.98    -0.20   0          125 
	FuelPipe            103     1007.63 1908.98 1       0.85    -0.52   0          104 
	FuelPipe            104     1135.68 1769.23 1       0.94    -0.34   0          105 
	FuelPipe            105     1308.57 1838.58 1       0.88    -0.48   0          124 
	FuelPipe            114     1903.30 2691.03 1       0.98    0.20    0          115 
	FuelPipe            115     1732.02 2573.31 1       0.97    0.25    0           92 
	FuelPipe            116     1884.35 1177.56 1       0.88    0.48    0          117 
	FuelPipe            117     1729.80 1313.54 1       0.98    0.20    0           99 
	FuelPipe            119     842.03  1792.57 1       0.95    -0.30   0          103 
	Pylon               31      260.91  912.15  1       1.00    0.00    0       47      
	SpawnLink           50      1921.95 2158.28 1       1.00    0.00    0       59    
	SpawnLink           57      1185.00 2145.36 1       1.00    0.00    0       18    
	SpawnLink           102     1847.89 1428.27 1       1.00    0.00    0       63    
	AITarget            108     1865.70 1937.28 1       1.00    0.00    0       
	AITarget            120     1579.41 2174.65 1       1.00    0.00    0       
	AITarget            121     1315.88 2035.73 1       1.00    0.00    0       
	AITarget            122     1264.93 1719.28 1       1.00    0.00    0       
	FuelStation         106     1700.23 1932.82 1       0.94    0.34    0            0 
	FuelStation         124     1462.02 1959.22 1       -0.88   0.47    0            0 
	FuelStation         125     1548.93 1748.06 1       -0.13   -0.99   0            0 
	SpawnPopulationLock 126     1707.19 2048.86 1       1.00    0.00    0       435.16   100   
	SpawnPopulationLock 127     1450.76 1774.88 1       1.00    0.00    0       435.16   100   
	ResearchItem        129     1100.37 2725.96 1       -0.65   0.42    0       Grenade      2
	ResearchItem        130     2477.13 712.26  1       0.65    -0.42   0       Darwinian      4
	SolarPanel          24      791.52  484.54  1       0.00    0.99    0       26      
	SolarPanel          26      785.49  651.21  1       0.00    0.99    0       27      
	Pylon               27      977.93  787.75  1       0.22    -0.98   0       28      
	Pylon               28      1217.58 723.49  1       0.45    0.89    0       39      
	Pylon               5       1754.27 763.48  1       -0.03   1.00    0       38      
	Tree                10      2408.99 581.28  1       1.00    0.00    0       94.14   5.20    1.00    1.00    6       0       1681873407  1882960989  
	Tree                11      2301.34 689.54  1       1.00    0.00    0       98.29   5.20    1.00    1.00    6       7837    1681873407  1882960989  
	Tree                12      2407.44 810.77  1       1.00    0.00    0       108.00  5.20    1.00    1.00    6       7858    1681873407  1882960989  
	Tree                13      2406.50 961.21  1       1.00    0.00    0       90.38   5.20    1.00    1.00    6       7937    1681873407  1882960989  
Buildings_EndDefinition

