MultiwiniaOptions_StartDefinition
	GameTypes	none
	PopulationCap	1500
MultiwiniaOptions_EndDefinition

Landscape_StartDefinition
	worldSizeX 3000
	worldSizeZ 3000
	cellSize 16.00
	outsideHeight -10.00
	landColourFile landscape_icecaps.bmp
	wavesColourFile waves_default.bmp
	waterColourFile water_default.bmp
Landscape_EndDefinition

LandscapeTiles_StartDefinition
	#                            frac  height desired gen         lowland
	# x       y       z    size   dim  scale  height  method seed smooth  guideGrid
	# =============================================================================
	   196   0.00     98   2750  1.80   1.80    230      1    225   1.00     0
LandscapeTiles_EndDefinition

LandFlattenAreas_StartDefinition
	# x      y       z      size
	# ==========================
LandFlattenAreas_EndDefinition

Lights_StartDefinition
	# x      y      z        r      g      b
	# =========================================
	  0.61   0.54  -0.58     0.70   0.70   0.70
	 -1.00   0.00   0.09     2.80   2.00   0.80
Lights_EndDefinition

Buildings_StartDefinition
	# Type              id      x       z       tm      rx      rz      isGlobal
	# ==========================================================================
	Tree                0       1102.00 2141.19 1       0.45    -0.89   0       150.00  0.30    0.70    1.30    6       48469   -39836      -1          0       
	Tree                1       1526.23 2337.84 1       -0.90   -0.43   0       158.36  0.30    0.70    1.30    6       55091   -39836      -1          0       
	Tree                2       2034.45 2311.63 1       0.45    -0.89   0       144.32  0.30    0.70    1.30    6       55131   -39836      -1          0       
	Tree                3       856.94  2430.07 1       0.45    -0.89   0       140.93  0.30    0.70    1.30    6       55219   -39836      -1          0       
	Tree                4       1792.12 1791.38 1       0.45    -0.89   0       156.51  0.30    0.70    1.30    6       55271   -39836      -1          0       
	Tree                5       2177.29 1821.31 1       0.45    -0.89   0       157.20  0.30    0.70    1.30    6       55298   -39836      -1          0       
	Tree                6       1200.67 1684.34 1       0.45    -0.89   0       157.89  0.30    0.70    1.30    6       55329   -39836      -1          0       
	Tree                7       2110.61 1251.36 1       0.45    -0.89   0       144.38  0.30    0.70    1.30    6       55369   -39836      -1          0       
	Tree                8       2178.32 1339.86 1       0.45    -0.89   0       159.27  0.30    0.70    1.30    6       55390   -39836      -1          0       
	Tree                9       1605.91 1018.16 1       0.45    -0.89   0       159.97  0.30    0.70    1.30    6       55421   -39836      -1          0       
	Tree                10      1767.52 922.20  1       0.45    -0.89   0       145.76  0.30    0.70    1.30    6       55430   -39836      -1          0       
	Tree                11      1533.08 486.64  1       0.45    -0.89   0       160.66  0.30    0.70    1.30    6       55448   -39836      -1          0       
	Tree                12      1035.59 764.55  1       0.45    -0.89   0       132.25  0.30    0.70    1.30    6       55469   -39836      -1          0       
	SpawnPointMaster    13      1552.51 1786.33 1       1.00    0.00    1       30    37    33
	SpawnPoint          14      794.50  1733.97 1       -0.94   0.33    0       
	SpawnPoint          15      758.84  2340.40 1       -0.21   -0.98   0       
	SpawnPoint          16      2089.97 2393.14 1       0.58    -0.81   0       
	SpawnPoint          17      2265.85 1929.11 1       0.80    0.61    0       
	SpawnPoint          18      1094.47 969.16  1       -0.86   -0.52   0       19    
	SpawnPoint          19      1091.61 395.11  1       -0.55   0.84    0       
	SpawnPoint          20      2266.20 1453.01 1       -0.03   -1.00   0       21    
	SpawnPoint          21      1996.83 1091.60 1       0.94    0.34    0       
	Incubator           22      895.29  696.11  0       1.00    0.00    1          100
	Incubator           23      2339.04 1099.80 1       -0.92   0.38    1          100
	Incubator           24      2417.73 2202.63 2       -0.98   -0.19   1          100
	Incubator           25      428.72  2110.09 3       0.99    0.15    1          100
	SpawnPoint          30      1192.71 1472.54 1       0.92    0.39    0       14    18    
	SpawnPoint          33      1507.18 2168.00 1       -0.46   -0.89   0       16    15    
	SpawnPoint          37      1694.15 1581.56 1       -0.90   -0.43   0       17    20    
	AITarget            38      481.08  2115.84 1       1.00    0.00    0       -1    0.00
	AITarget            39      750.58  1779.16 1       1.00    0.00    0       -1    0.00
	AITarget            40      795.79  2278.63 1       0.95    0.30    0       -1    0.00
	AITarget            41      1105.91 2442.47 1       1.00    0.00    0       -1    0.00
	AITarget            42      1245.67 1898.46 1       0.54    -0.84   0       -1    0.00
	AITarget            43      1476.96 2109.26 1       1.00    0.00    0       -1    0.00
	AITarget            44      1697.01 2417.81 1       0.99    -0.15   0       -1    0.00
	AITarget            45      2119.71 2338.32 1       0.95    -0.30   0       -1    0.00
	AITarget            46      2328.55 1949.71 1       1.00    0.00    0       -1    0.00
	AITarget            47      1837.70 1856.62 1       1.00    0.00    0       -1    0.00
	AITarget            48      1664.69 1536.25 1       1.00    0.00    0       -1    0.00
	AITarget            49      2362.92 2199.31 1       1.00    0.00    0       -1    0.00
	AITarget            50      2218.92 1408.63 1       1.00    0.00    0       -1    0.00
	AITarget            51      2287.96 1120.56 1       1.00    0.00    0       -1    0.00
	AITarget            52      2049.76 1105.28 1       1.00    0.00    0       -1    0.00
	AITarget            53      1840.46 712.98  1       0.88    -0.48   0       -1    0.00
	AITarget            54      1552.98 1172.14 1       1.00    0.00    0       -1    0.00
	AITarget            55      1269.59 1514.90 1       1.00    0.00    0       -1    0.00
	AITarget            56      1551.25 775.63  1       1.00    0.00    0       -1    0.00
	AITarget            57      1045.77 971.61  1       1.00    0.00    0       -1    0.00
	AITarget            58      941.86  694.85  1       1.00    0.00    0       -1    0.00
	AITarget            59      1064.62 443.14  1       1.00    0.00    0       -1    0.00
	AITarget            61      1636.45 405.74  1       1.00    0.00    0       -1    0.00
	Tree                26      1669.03 379.56  1       0.45    -0.89   0       148.95  0.30    0.70    1.30    6       21094   -39836      -1          0       
	Tree                27      1552.09 396.57  1       0.45    -0.89   0       149.72  0.30    0.70    1.30    6       21124   -39836      -1          0       
	Tree                28      1515.97 1122.82 1       0.45    -0.89   0       146.14  0.30    0.70    1.30    6       22858   -39836      -1          0       
	Tree                29      1438.40 1198.06 1       0.45    -0.89   0       163.41  0.30    0.70    1.30    6       22906   -39836      -1          0       
	Tree                31      1605.55 1186.50 1       0.45    -0.89   0       180.68  0.30    0.70    1.30    6       22958   -39836      -1          0       
	Tree                32      1699.97 1244.47 1       0.45    -0.89   0       165.71  0.30    0.70    1.30    6       22998   -39836      -1          0       
	Tree                34      1784.62 1278.20 1       0.45    -0.89   0       182.21  0.30    0.70    1.30    6       23016   -39836      -1          0       
	Tree                35      1170.94 2042.30 1       0.45    -0.89   0       152.26  0.30    0.70    1.30    6       23096   -39836      -1          0       
	Tree                36      1200.81 1946.19 1       0.45    -0.89   0       136.52  0.30    0.70    1.30    6       23108   -39836      -1          0       
	Tree                60      1344.24 1946.59 1       0.45    -0.89   0       137.28  0.30    0.70    1.30    6       23135   -39836      -1          0       
	Tree                62      1801.87 1850.75 1       0.45    -0.89   0       156.86  0.30    0.70    1.30    6       23276   -39836      -1          0       
	Tree                63      1879.35 1912.44 1       0.45    -0.89   0       141.11  0.30    0.70    1.30    6       23285   -39836      -1          0       
	Tree                64      1777.92 1944.06 1       0.45    -0.89   0       141.88  0.30    0.70    1.30    6       23315   -39836      -1          0       
Buildings_EndDefinition

CameraMounts_StartDefinition
	# Name	          Pos                   Front          Up
	# =========================================================================
	player2         2551.50  659.45 2198.77 -0.54 -0.84 -0.10 -0.82 0.55 -0.15
	player1         2545.00  603.10  910.39 -0.58 -0.78 0.26 -0.71 0.63 0.32
	player0          620.32  678.74  653.72 0.55 -0.82 0.13 0.80 0.57 0.19
	player3          308.29  710.77 2144.14 0.51 -0.86 0.05 0.86 0.51 0.09
CameraMounts_EndDefinition

CameraAnimations_StartDefinition
CameraAnimations_EndDefinition

Buildings_StartDefinition
	# Type              id      x       z       tm      rx      rz      isGlobal
	# ==========================================================================
Buildings_EndDefinition

InstantUnits_StartDefinition
	# Type         team    x       z   count  inUnit state   spread  waypointX waypointZ  routeId
	# ==================================================================================
InstantUnits_EndDefinition

PrimaryObjectives_StartDefinition
	NeverTrue 
PrimaryObjectives_EndDefinition
