MultiwiniaOptions_StartDefinition
	GameTypes	Shaman 
	PopulationCap	-1
	NumPlayers	2
MultiwiniaOptions_EndDefinition

Landscape_StartDefinition
	worldSizeX 2500
	worldSizeZ 2500
	cellSize 16.00
	outsideHeight -10.00
	landColourFile landscape_earth.bmp
	wavesColourFile waves_containmentfield.bmp
	waterColourFile water_default.bmp
Landscape_EndDefinition

LandscapeTiles_StartDefinition
	#                            frac  height desired gen         lowland
	# x       y       z    size   dim  scale  height  method seed smooth  guideGrid
	# =============================================================================
	   818  -5.00     44    824  1.90   6.87    200      1 359132   1.00     2   AAAAAAAAAAAAAAAAAA
	   778  -5.00   1488    913  1.90   6.87    200      1 384090   1.00     2   AAAAAAAAAAAAAAAAAA
	  1813  -5.00    975    547  1.90   6.87    200      1 444684   1.00     2   AAAAAAAAAAAAAAAAAA
	    58  -5.00    705    792  1.90   6.87    200      1 1004558   1.00     2   AAAAAAAAAAAAAAAAAA
	   828  -5.00    867    662  1.90   6.87    200      1 532051   1.00     2   AAAAAAAAAAAAAAAAAA
	   905  -5.00    595    547  1.90   6.87    200      1 644909   1.00     2   AAAAAAAAAAAAAAAAAA
	   759  -5.00   1212    759  1.90   6.87    117      1 738174   1.00     2   AAAAAAAAAAAAAAAAAA
	  1281  -5.00    294   1027  1.90   6.87    200      1 831023   1.00     2   AAAAAAAAAAAAAAAAAA
	  1214  -5.00   1126   1329  1.90   6.87    200      1 888052   1.00     2   AAAAAAAAAAAAAAAAAA
	   116  -5.00    147   1027  1.90   6.87    107      1 982383   1.00     2   AAAAAAAAAAAAAAAAAA
	   140  -5.00   1189   1174  1.90   6.87    107      1 1273608   1.00     2   AAAAAAAAAAAAAAAAAA
LandscapeTiles_EndDefinition

LandFlattenAreas_StartDefinition
	# x      y       z      size
	# ==========================
LandFlattenAreas_EndDefinition

Lights_StartDefinition
	# x      y      z        r      g      b
	# =========================================
	  0.00   0.31   0.95     1.30   1.30   1.30
Lights_EndDefinition

Buildings_StartDefinition
	# Type              id      x       z       tm      rx      rz      isGlobal
	# ==========================================================================
	Portal              0       1203.48 445.35  0       1.00    0.00    0       1     5     9     2     
	Portal              1       1209.62 2058.08 1       1.00    0.00    0       1     7     10    4     
	Portal              2       482.14  808.33  255     1.00    0.00    0       0     0     3     
	Portal              3       317.64  1220.30 255     1.00    0.00    0       0     2     4     8     
	Portal              4       548.97  1806.72 255     1.00    0.00    0       0     3     1     
	Portal              5       1737.53 706.16  255     1.00    0.00    0       0     0     6     
	Portal              6       2024.28 1236.99 255     1.00    0.00    0       0     5     7     8     
	Portal              7       1745.10 1851.43 255     1.00    0.00    0       0     6     1     
	Portal              8       1145.73 1265.71 255     1.00    0.00    0       0     10    9     3     6     
	Portal              9       1072.58 891.12  255     1.00    0.00    0       0     8     0     
	Portal              10      1155.91 1651.10 255     1.00    0.00    0       0     1     8     
	SpawnPoint          11      1203.55 297.40  255     -0.03   1.00    0       
	SpawnPoint          12      1221.19 2232.62 255     0.07    -1.00   0       
	SpawnPoint          13      362.00  1899.99 255     0.73    -0.68   0       
	SpawnPoint          14      1955.19 1902.18 255     -0.83   -0.56   0       
	SpawnPoint          15      360.10  640.73  255     0.50    0.87    0       
	SpawnPoint          16      1647.39 818.40  255     0.62    -0.78   0       
	SpawnPoint          17      963.30  1554.61 255     1.00    0.00    0       
	SpawnPoint          18      1239.06 825.61  255     -1.00   -0.04   0       
	SpawnPointMaster    19      1633.56 1374.60 255     0.92    0.39    1       20    24    26    
	SpawnLink           20      1644.72 1037.04 255     1.00    0.00    0       16    21    
	SpawnLink           21      1326.82 725.68  255     1.00    0.00    0       18    22    
	SpawnLink           22      989.51  321.39  255     1.00    0.00    0       11    23    
	SpawnLink           23      613.19  429.34  255     1.00    0.00    0       15    
	SpawnLink           24      1605.06 1731.83 255     1.00    0.00    0       14    25    
	SpawnLink           25      1402.13 2180.82 255     1.00    0.00    0       12    
	SpawnLink           26      1344.60 1422.76 255     1.00    0.00    0       27    
	SpawnLink           27      904.56  1508.60 255     1.00    0.00    0       17    28    
	SpawnLink           28      827.24  1820.67 255     1.00    0.00    0       29    
	SpawnLink           29      450.51  2008.57 255     1.00    0.00    0       13    
	AITarget            30      1207.00 355.23  255     1.00    0.00    0       40    0.00
	AITarget            31      1185.50 831.56  255     1.00    0.00    0       -1    0.00
	AITarget            32      1070.31 888.69  255     1.00    0.00    0       -1    0.00
	AITarget            33      1152.79 1263.26 255     1.00    0.00    0       -1    0.00
	AITarget            34      1161.56 1651.20 255     1.00    0.00    0       -1    0.00
	AITarget            35      1026.17 1556.93 255     1.00    0.00    0       -1    0.00
	AITarget            36      1236.88 2172.20 255     1.00    0.00    0       37    0.00
	AITarget            37      554.15  1812.30 255     1.00    0.00    0       36    0.00
	AITarget            38      403.69  1865.63 255     1.00    0.00    0       -1    0.00
	AITarget            39      329.11  1272.69 255     1.00    0.00    0       -1    0.00
	AITarget            40      470.67  813.42  255     1.00    0.00    0       30    0.00
	AITarget            41      1713.17 665.87  255     1.00    0.00    0       -1    0.00
	AITarget            42      1670.49 781.65  255     1.00    0.00    0       -1    0.00
	AITarget            43      2032.22 1159.90 255     1.00    0.00    0       -1    0.00
	AITarget            44      1748.41 1858.79 255     1.00    0.00    0       -1    0.00
	AITarget            45      1911.54 1889.36 255     1.00    0.00    0       -1    0.00
	AITarget            46      1981.94 1317.46 255     1.00    0.00    0       -1    0.00
	Tree                47      1994.03 2061.95 255     1.00    0.00    0       75.53   3.00    0.43    1.19    6       99339   -11700096   -13472718   0       
	Tree                48      2117.05 1976.81 255     1.00    0.00    0       75.21   3.00    0.43    1.19    6       49637   -11700096   -13472718   0       
	Tree                49      2184.56 1870.94 255     1.00    0.00    0       67.78   3.00    0.43    1.19    6       49650   -11700096   -13472718   0       
	Tree                50      2193.10 1369.33 255     1.00    0.00    0       75.93   3.00    0.43    1.19    6       49698   -11700096   -13472718   0       
	Tree                51      2213.88 1412.33 255     1.00    0.00    0       68.50   3.00    0.43    1.19    6       49708   -11700096   -13472718   0       
	Tree                52      2390.86 1254.25 255     1.00    0.00    0       68.86   3.00    0.43    1.19    6       49738   -11700096   -13472718   0       
	Tree                53      2036.78 685.74  255     1.00    0.00    0       69.22   3.00    0.43    1.19    6       49769   -11700096   -13472718   0       
	Tree                54      2007.35 617.99  255     1.00    0.00    0       77.02   3.00    0.43    1.19    6       49787   -11700096   -13472718   0       
	Tree                55      2038.17 636.76  255     1.00    0.00    0       84.81   3.00    0.43    1.19    6       49808   -11700096   -13472718   0       
	Tree                56      1593.68 895.26  255     1.00    0.00    0       78.10   3.00    0.43    1.19    6       49878   -11700096   -13472718   0       
	Tree                57      614.97  483.86  255     1.00    0.00    0       86.62   3.00    0.43    1.19    6       49958   -11700096   -13472718   0       
	Tree                58      649.37  410.36  255     1.00    0.00    0       71.75   3.00    0.43    1.19    6       49976   -11700096   -13472718   0       
	Tree                59      397.86  415.49  255     1.00    0.00    0       79.55   3.00    0.43    1.19    6       49997   -11700096   -13472718   0       
	Tree                60      383.56  391.02  255     1.00    0.00    0       72.11   3.00    0.43    1.19    6       50007   -11700096   -13472718   0       
	Tree                61      384.43  348.11  255     1.00    0.00    0       79.91   3.00    0.43    1.19    6       50028   -11700096   -13472718   0       
	Tree                62      655.42  1281.26 255     1.00    0.00    0       80.99   3.00    0.43    1.19    6       50116   -11700096   -13472718   0       
	Tree                63      682.44  1230.42 255     1.00    0.00    0       66.13   3.00    0.43    1.19    6       50138   -11700096   -13472718   0       
	Tree                64      626.81  1202.77 255     1.00    0.00    0       73.92   3.00    0.43    1.19    6       50156   -11700096   -13472718   0       
	Tree                65      616.19  1147.74 255     1.00    0.00    0       81.72   3.00    0.43    1.19    6       50178   -11700096   -13472718   0       
	Tree                66      742.92  1543.58 255     1.00    0.00    0       82.44   3.00    0.43    1.19    6       50236   -11700096   -13472718   0       
	Tree                67      752.61  1588.47 255     1.00    0.00    0       75.01   3.00    0.43    1.19    6       50248   -11700096   -13472718   0       
	Tree                68      694.33  1564.72 255     1.00    0.00    0       82.80   3.00    0.43    1.19    6       50266   -11700096   -13472718   0       
	Tree                69      820.88  1707.22 255     1.00    0.00    0       67.94   3.00    0.43    1.19    6       50287   -11700096   -13472718   0       
	Tree                70      926.13  2216.34 255     1.00    0.00    0       83.89   3.00    0.43    1.19    6       50358   -11700096   -13472718   0       
	Tree                71      1369.20 1488.24 255     1.00    0.00    0       84.61   3.00    0.43    1.19    6       50416   -11700096   -13472718   0       
	Tree                72      1292.39 1015.59 255     1.00    0.00    0       84.97   3.00    0.43    1.19    6       50446   -11700096   -13472718   0       
	Tree                73      1312.38 1075.13 255     1.00    0.00    0       77.54   3.00    0.43    1.19    6       50455   -11700096   -13472718   0       
	SpawnPopulationLock 74      774.51  1647.03 255     1.00    0.00    0       700.00   400   
	SpawnPopulationLock 75      1574.76 1646.99 255     1.00    0.00    0       700.00   400   
	SpawnPopulationLock 76      1555.16 714.85  255     1.00    0.00    0       700.00   400   
	SpawnPopulationLock 77      776.51  856.48  255     1.00    0.00    0       700.00   400   
Buildings_EndDefinition

CameraMounts_StartDefinition
	# Name	          Pos                   Front          Up
	# =========================================================================
	player1         1217.34  284.02 2339.89 -0.05 -0.76 -0.65 -0.06 0.65 -0.76
	player0         1217.49  286.46  198.39 -0.02 -0.82 0.57 -0.02 0.57 0.82
CameraMounts_EndDefinition

CameraAnimations_StartDefinition
CameraAnimations_EndDefinition

Buildings_StartDefinition
	# Type              id      x       z       tm      rx      rz      isGlobal
	# ==========================================================================
Buildings_EndDefinition

InstantUnits_StartDefinition
	# Type         team    x       z   count  inUnit state   spread  waypointX waypointZ  routeId
	# ==================================================================================
	Darwinian        0  1208.3   392.4     40    0      -1    50.0     0.0     0.0   -1   -1
	Darwinian        1  1238.8  2154.6     40    0      -1    50.0     0.0     0.0   -1   -1
InstantUnits_EndDefinition

PrimaryObjectives_StartDefinition
	NeverTrue 
PrimaryObjectives_EndDefinition
