Landscape_StartDefinition
	worldSizeX 3000
	worldSizeZ 3000
	cellSize 12.00
	outsideHeight -10.00
	landColourFile landscape_default.bmp
	wavesColourFile waves_default.bmp
	waterColourFile water_default.bmp
Landscape_EndDefinition

LandscapeTiles_StartDefinition
	#                            frac  height desired gen         lowland
	# x       y       z    size   dim  scale  height  method seed smooth  guideGrid
	# =============================================================================
	   630   0.00    674   1024  1.20   1.00     50      0 244339   1.00     0
	   531   0.00    632   1024  1.20   1.00    200      2 263388   1.00     0
	  1306   0.00   2390    512  1.20   1.00    200      1 309688   1.00     0
	  1739   0.00   2505    384  1.20   1.00    200      1 317071   1.00     0
	  1264   0.00   2093    384  1.20   1.00    200      1 331004   1.00     0
	   386   0.00   1933    384  1.20   1.00    200      1 364104   1.00     0
	   658   0.00   2008    384  1.20   1.00    200      1 376887   1.00     0
	   484   0.00   2350    384  1.20   1.00    200      1 396044   1.00     0
	   289   0.00   1114    384  1.20   1.00    200      1 419841   1.00     0
	   456   0.00    444    384  1.20   1.00    200      1 443331   1.00     0
	   628   0.00    106    384  1.20   1.00    200      1 457132   1.00     0
	    80   0.00    105    384  1.20   1.00    200      1 476162   1.00     0
	  1413   0.00    337    384  1.20   1.00    200      1 491964   1.00     0
	  1910   0.00   1876   1024  1.20   1.00    200      1 529260   1.00     0
	  1922   0.00   1780    512  1.20   1.00    100      0 603815   1.00     0
	  2000   0.00   1336    768  1.20   1.00     25      0 654180   1.00     0
	  2379   0.00   1035    512  1.20   1.00    200      1 674497   1.00     0
	  2366   0.00   1774    512  1.20   1.00    200      1 700863   1.00     0
	  1829   0.00   1113    768  1.20   1.00    200      1 753128   1.00     0
	  1749   0.00    280    768  1.20   1.00    200      1 801477   1.00     0
	  1936   0.00    503    512  1.20   1.00     50      1 114269   1.00     0
LandscapeTiles_EndDefinition

LandFlattenAreas_StartDefinition
	# x      y       z      size
	# ==========================
LandFlattenAreas_EndDefinition

Lights_StartDefinition
	# x      y      z        r      g      b
	# =========================================
Lights_EndDefinition

Buildings_StartDefinition
	# Type              id      x       z       tm      rx      rz      isGlobal
	# ==========================================================================
	ControlStation      1       896.90  971.97  8       0.07    1.00    0            0     0
	RadarDish           2       2293.14 1523.34 8       0.10    1.00    1       
	ControlStation      3       2214.06 1548.15 8       -0.79   0.61    0            2     0
	RadarDish           5       1486.79 1003.49 8       -0.87   0.50    1       
	TrunkPort           6       2632.97 1598.97 8       -0.98   0.19    1       -1      
	ControlStation      7       2581.91 1716.19 8       -0.92   0.40    0            6     0
	Tree                8       948.85  1214.12 1       1.00    0.00    0       50.00   1.00    1.00    1.00    6       99339   -1          -1          0       0       1       
	Tree                9       988.77  1301.49 1       1.00    0.00    0       50.00   1.00    1.00    1.00    6       99339   -1          -1          0       0       1       
	Tree                10      1018.51 1257.26 1       1.00    0.00    0       50.00   1.00    1.00    1.00    6       99339   -1          -1          0       0       1       
	Tree                11      1051.86 1320.34 1       1.00    0.00    0       50.00   1.00    1.00    1.00    6       99339   -1          -1          0       0       1       
	Tree                12      1097.26 1078.74 1       1.00    0.00    0       100.00  1.00    1.00    1.00    6       99339   -1          -1          0       0       1       
	Tree                13      1140.73 1078.93 1       1.00    0.00    0       50.00   1.00    1.00    1.00    6       99339   -1          -1          0       0       1       
	Tree                14      1061.93 976.68  1       1.00    0.00    0       50.00   1.00    1.00    1.00    6       99339   -1          -1          0       0       1       
	Tree                15      1130.30 1357.38 1       1.00    0.00    0       50.00   1.00    1.00    1.00    6       99339   -1          -1          0       0       1       
	Tree                16      1282.10 999.61  1       1.00    0.00    0       50.00   1.00    1.00    1.00    6       99339   -1          -1          0       0       1       
	Tree                17      1348.42 1365.80 1       1.00    0.00    0       50.00   1.00    1.00    1.00    6       906     -1          -1          0       0       1       
	Tree                18      1283.33 1424.66 1       1.00    0.00    0       55.95   1.00    1.00    1.00    6       10827   -1          -1          0       0       1       
	Tree                19      2381.10 1961.81 1       1.00    0.00    0       50.00   1.00    1.00    1.00    6       14535   -8372224    -8323200    0       0       0       
	Tree                20      2342.21 2016.18 1       1.00    0.00    0       50.04   1.00    1.00    1.00    6       65437   -8372224    -8323200    0       0       0       
	Tree                21      2318.81 1973.11 1       1.00    0.00    0       45.40   1.00    1.00    1.00    6       31287   -8372224    -8323200    0       0       0       
	Tree                22      2251.74 2006.12 1       1.00    0.00    0       51.04   1.00    1.00    1.00    6       12085   -8372224    -8323200    0       0       0       
	Tree                23      2228.88 1936.01 1       1.00    0.00    0       47.17   1.00    1.00    1.00    6       12204   -8372224    -8323200    0       0       0       
	Tree                24      2267.08 1935.88 1       1.00    0.00    0       42.92   1.00    1.00    1.00    6       12243   -8372224    -8323200    0       0       0       
	Tree                25      2189.22 2091.26 1       1.00    0.00    0       75.00   1.00    1.00    1.00    6       12274   -8372224    -8323200    0       0       0       
	GunTurret           26      1399.02 1048.09 1       1.00    0.00    0       
	GunTurret           27      1358.03 951.92  1       1.00    0.00    0       
	GunTurret           31      923.87  1072.85 1       1.00    0.00    0       
	LaserFence          32      1099.97 1353.67 1       -0.94   -0.35   0       33      1.00  0
	LaserFence          33      1142.92 1274.49 1       -0.94   -0.35   0       34      1.00  0
	LaserFence          34      1191.85 1192.78 1       -0.92   -0.38   0       -1      1.00  0
	LaserFence          35      1215.84 1105.20 1       -0.99   -0.11   0       36      1.00  0
	LaserFence          36      1223.30 1007.96 1       -1.00   -0.09   0       -1      1.00  0
	RadarDish           29      2240.55 855.14  8       -0.14   -0.99   1       
	RadarDish           30      2005.14 721.39  8       0.91    -0.42   1       
	ControlStation      4       2039.74 795.36  8       0.76    0.64    1           30     0
	ControlTower        37      2184.30 842.62  8       -0.88   -0.47   1           29
	ControlTower        38      1465.05 940.89  8       -0.80   -0.60   1            5
	ControlStation      40      2206.58 634.07  8       0.83    0.56    1           39     0
Buildings_EndDefinition

