Landscape_StartDefinition
	worldSizeX 4000
	worldSizeZ 4000
	cellSize 12.00
	outsideHeight -10.00
	landColourFile landscape_default.bmp
	wavesColourFile waves_default.bmp
	waterColourFile water_default.bmp
Landscape_EndDefinition

LandscapeTiles_StartDefinition
	#                            frac  height desired gen         lowland
	# x       y       z    size   dim  scale  height  method seed smooth  guideGrid
	# =============================================================================
	  2873   0.00     86   1024  1.20   1.00    350      0  45550   1.00     0
	  2940   0.00    190   1024  1.20   1.00    200      0 314564   1.00     0
	  2641   0.00    832    384  1.20   1.00    200      1      1   1.00     0
	  2636   0.00    160    384  1.20   1.00    200      2 432475   1.00     0
	  2889   0.00   1274    384  1.20   1.00    200      1 446603   1.00     0
	  3140   0.00   1549    384  1.20   1.00    350      2 1155286   1.00     0
	  3323   0.00    879    512  1.20   1.00    150      1 1173167   1.00     0
	-45436   0.00  80753    384  1.20   1.00    150      1 1212382   1.00     0
	  3268   0.00   1360    512  1.20   1.00    150      1 1266508   1.00     0
	  3367   0.00   1229    384  1.20   1.00    125      1 1292812   1.00     0
	  3216   0.00   1034    384  1.20   1.00    100      1 1335880   1.00     0
	  3427   0.00   1002    384  1.20   1.00     60      1  87421   1.00     0
	  3279   0.00   1106    128  1.20   1.00     30      0      1   1.00     0
	   325   0.00   2043   1024  1.20   1.00    200      1 233966   1.00     0
	  1061   0.00   2535   1024  1.20   1.00    200      1 251880   1.00     0
	   156   0.00   2798   1024  1.20   1.00    200      1 288076   1.00     0
	   882   0.00   1856    384  1.20   1.00    200      1 313479   1.00     0
	  1473   0.00   1963    384  1.20   1.00    200      1 346589   1.00     0
	  1656   0.00   3339    384  1.20   1.00    200      1 356597   1.00     0
	   571   0.00   3388    384  1.20   1.00    200      2 445489   1.00     0
	  1228   0.00   2295    384  1.20   1.00     20      1 679572   1.00     0
LandscapeTiles_EndDefinition

LandFlattenAreas_StartDefinition
	# x      y       z      size
	# ==========================
	3535.8   30.0 1329.5   60.0
	1372.7   10.0 2498.3   60.0
	 892.6  100.0 2861.8   60.0
	1114.4   85.0 2528.4   25.0
LandFlattenAreas_EndDefinition

Lights_StartDefinition
	# x      y      z        r      g      b
	# =========================================
Lights_EndDefinition

Buildings_StartDefinition
	# Type              id      x       z       tm      rx      rz      isGlobal
	# ==========================================================================
	TrunkPort           0       3720.06 377.63  0       -0.70   0.71    1       1       
	SpawnPopulationLock 7       3376.80 508.11  0       1.00    0.00    0       500.00   100   
	PixelMine           4       3567.09 1347.29 255     -0.67   -0.75   0         8.00
	TrunkPort           1       785.79  3703.80 8       0.50    -0.87   1       -1      
	ControlTower        2       708.99  3651.53 8       -0.55   -0.84   1            1
	StaticShape         3       1415.46 2469.26 8       0.94    -0.34   0         1.00  trunkport.shp    1.00  
	ControlTower        8       1400.70 2365.72 8       -0.76   -0.65   1            3
	Tree                9       1837.99 2764.32 1       1.00    0.00    0       75.00   1.00    1.00    1.00    6       99339   -16096056   -3644406    10      0       0       
	Tree                10      1928.69 2656.65 1       1.00    0.00    0       50.00   1.00    1.00    1.00    6       47699   -16096056   -3644406    0       0       0       
	Tree                11      1820.54 2687.95 1       1.00    0.00    0       53.79   1.00    1.00    1.00    6       47898   -16096056   -3644406    0       0       0       
	Tree                12      1881.87 2889.21 1       1.00    0.00    0       49.10   1.00    1.00    1.00    6       47937   -16096056   -3644406    0       0       0       
	StaticShape         13      824.65  2110.05 1       0.85    0.52    0         1.00  rockhead.shp    1.00  
	StaticShape         14      582.95  2583.57 1       0.85    0.52    0         1.00  rockhead.shp    1.00  
	StaticShape         15      372.96  3332.39 1       0.36    -0.93   0         1.00  rockhead.shp    1.00  
	StaticShape         16      1559.74 3325.50 1       -0.76   0.65    0         1.00  rockhead.shp    1.00  
	StaticShape         17      1355.99 2744.84 1       -0.86   -0.52   0         1.00  rockhead.shp    1.00  
	Tree                18      1301.26 3285.04 1       1.00    0.00    0       100.00  1.00    1.00    1.00    6       0       -2139062144 -16738561   0       1       0       
	Tree                19      1353.04 3258.22 1       1.00    0.00    0       50.00   1.00    1.00    1.00    6       52952   -2139062144 -16738561   0       0       0       
	Tree                20      1369.60 3368.22 1       1.00    0.00    0       55.59   1.00    1.00    1.00    6       53119   -2139062144 -16738561   0       0       0       
	Tree                21      1291.57 3365.33 1       1.00    0.00    0       45.74   1.00    1.00    1.00    6       53141   -2139062144 -16738561   0       0       0       
	Tree                22      1230.56 3305.42 1       1.00    0.00    0       45.98   1.00    1.00    1.00    6       53171   -2139062144 -16738561   0       0       0       
	Tree                23      1284.01 3189.82 1       1.00    0.00    0       51.14   1.00    1.00    1.00    6       53190   -2139062144 -16738561   0       0       0       
	SpawnPoint          24      917.08  2877.73 8       -0.96   -0.29   0       
	SpawnLink           25      1433.03 2514.55 1       1.00    0.00    0       26    
	SpawnLink           26      1318.05 2637.76 1       1.00    0.00    0       27    
	SpawnLink           27      1189.40 2772.35 1       1.00    0.00    0       28    
	SpawnLink           28      1025.98 2856.37 1       1.00    0.00    0       24    
	RadarDish           5       3173.63 1111.01 255     0.89    -0.46   1       
	RadarDish           29      1122.17 2515.12 8       -0.64   0.76    1       
	ControlTower        30      1056.70 2556.53 8       -0.96   -0.29   1           29
	DynamicConstruction 31      3234.83 1105.39 255     1.00    0.00    0       -1      markernode.shp    0.00  5.00     5
Buildings_EndDefinition

