Landscape_StartDefinition
	worldSizeX 4096
	worldSizeZ 4096
	cellSize 12.00
	outsideHeight -10.00
	landColourFile landscape_default.bmp
	wavesColourFile waves_default.bmp
	waterColourFile water_default.bmp
Landscape_EndDefinition

LandscapeTiles_StartDefinition
	#                            frac  height desired gen         lowland
	# x       y       z    size   dim  scale  height  method seed smooth  guideGrid
	# =============================================================================
	  1260   0.00   1143   2048  1.20   1.00    100      1  69856   1.00     0
	   998   0.00    867   1024  1.20   1.00    200      2  95306   1.00     0
	  1844   0.00    907   1024  1.20   1.00    200      2 123375   1.00     0
	  2532   0.00   1204   1024  1.20   1.00    200      2 150688   1.00     0
	   884   0.00   1975   1024  1.20   1.00    200      1 188804   1.00     0
	  1472   0.00   2517    512  1.20   1.00     25      0 272069   1.00     0
	  2804   0.00   2035   1024  1.20   1.00    200      1 315568   1.00     0
	  1883   0.00   3512    512  1.20   1.00     50      0 402966   1.00     0
	  1863   0.00   3496    512  1.20   1.00    200      1 425366   1.00     0
	  3034   0.00   3493    512  1.20   1.00     50      0 482081   1.00     0
	  3033   0.00   3408    512  1.20   1.00    200      1 495664   1.00     0
LandscapeTiles_EndDefinition

LandFlattenAreas_StartDefinition
	# x      y       z      size
	# ==========================
LandFlattenAreas_EndDefinition

Lights_StartDefinition
	# x      y      z        r      g      b
	# =========================================
Lights_EndDefinition

Buildings_StartDefinition
	# Type              id      x       z       tm      rx      rz      isGlobal
	# ==========================================================================
	TrunkPort           0       3395.99 3795.52 1       -0.83   -0.56   1       1       
	TrunkPort           1       2270.68 3789.86 1       -0.86   -0.52   1       2       
	ControlStation      2       2022.62 3819.93 1       -0.92   -0.38   1            1     0
	ControlStation      3       2001.43 3683.72 1       0.32    0.95    1            4     0
	RadarDish           4       2116.37 3588.46 1       0.00    1.00    1       
	RadarDish           5       3114.32 3668.92 1       0.81    0.58    1       
	ControlStation      6       3204.96 3609.61 1       1.00    0.00    1            5     0
	ControlStation      7       3363.25 3672.24 1       -0.50   -0.86   1            0     0
	ControlStation      8       2007.61 2949.35 1       -0.96   -0.29   1           11     0
	ControlStation      9       2949.47 2947.87 1       0.62    -0.78   1           10     0
	RadarDish           10      2811.60 3039.98 1       -0.47   -0.88   1       
	RadarDish           11      2096.76 3042.76 1       -0.06   -1.00   1       
	TrunkPort           12      3003.77 1958.18 1       -1.00   -0.06   1       -1      
	Tree                13      3306.62 2418.13 1       1.00    0.00    0       50.00   1.00    1.00    1.00    6       22147   -8372224    -13467393   0       0       0       
	Tree                14      3356.82 2510.20 1       1.00    0.00    0       51.16   1.00    1.00    1.00    6       2533    -8372224    -13467393   0       0       0       
	Tree                15      3226.09 2451.50 1       1.00    0.00    0       51.40   1.00    1.00    1.00    6       2563    -8372224    -13467393   0       0       0       
	Tree                16      3464.91 2671.25 1       1.00    0.00    0       46.72   1.00    1.00    1.00    6       2603    -8372224    -13467393   0       0       0       
	Tree                17      3497.85 2868.26 1       1.00    0.00    0       46.96   1.00    1.00    1.00    6       2633    -8372224    -13467393   0       0       0       
	Tree                18      3237.96 2911.74 1       1.00    0.00    0       47.20   1.00    1.00    1.00    6       2661    -8372224    -13467393   0       0       0       
	Tree                19      3085.03 2760.39 1       1.00    0.00    0       47.44   1.00    1.00    1.00    6       2691    -8372224    -13467393   0       0       0       
	Tree                20      3103.10 2517.77 1       1.00    0.00    0       52.84   1.00    1.00    1.00    6       2743    -8372224    -13467393   0       0       0       
	Tree                21      2933.05 2508.68 1       1.00    0.00    0       53.08   1.00    1.00    1.00    6       2771    -8372224    -13467393   0       0       0       
	Tree                22      2939.98 2676.72 1       1.00    0.00    0       43.24   1.00    1.00    1.00    6       2792    -8372224    -13467393   0       0       0       
	Tree                23      2970.80 2169.89 1       1.00    0.00    0       53.80   1.00    1.00    1.00    6       2862    -8372224    -13467393   0       0       0       
	Tree                24      2984.87 2044.78 1       1.00    0.00    0       54.04   1.00    1.00    1.00    6       2893    -8372224    -13467393   0       0       0       
	Tree                25      2810.72 2413.71 1       1.00    0.00    0       54.28   1.00    1.00    1.00    6       2920    -8372224    -13467393   0       0       0       
	Tree                26      3019.19 2903.57 1       1.00    0.00    0       49.59   1.00    1.00    1.00    6       2960    -8372224    -13467393   0       0       0       
	Tree                27      2203.59 2164.49 1       1.00    0.00    0       50.07   1.00    1.00    1.00    6       3021    -8372224    -13467393   0       0       0       
	Tree                28      2194.61 2193.64 1       1.00    0.00    0       55.23   1.00    1.00    1.00    6       3042    -8372224    -13467393   0       0       0       
	Tree                29      2248.33 2201.31 1       1.00    0.00    0       45.39   1.00    1.00    1.00    6       3060    -8372224    -13467393   0       0       0       
	Tree                30      2253.23 2124.46 1       1.00    0.00    0       45.63   1.00    1.00    1.00    6       3091    -8372224    -13467393   0       0       0       
	Tree                31      2757.58 1516.91 1       1.00    0.00    0       50.00   1.00    1.00    1.00    6       99339   -1          -1          0       0       1       
	Tree                32      2656.15 1526.31 1       1.00    0.00    0       47.07   1.00    1.00    1.00    6       3271    -1          -1          0       0       1       
	Tree                33      2659.90 1591.72 1       1.00    0.00    0       57.39   1.00    1.00    1.00    6       3311    -1          -1          0       0       1       
	Tree                34      2772.23 1621.77 1       1.00    0.00    0       47.55   1.00    1.00    1.00    6       3329    -1          -1          0       0       1       
	Tree                35      2863.98 1526.52 1       1.00    0.00    0       47.79   1.00    1.00    1.00    6       3360    -1          -1          0       0       1       
	Tree                36      2872.46 1429.35 1       1.00    0.00    0       52.95   1.00    1.00    1.00    6       3381    -1          -1          0       0       1       
	Tree                37      2980.59 1516.20 1       1.00    0.00    0       53.18   1.00    1.00    1.00    6       3408    -1          -1          0       0       1       
	Tree                38      2845.96 1290.41 1       1.00    0.00    0       53.42   1.00    1.00    1.00    6       3439    -1          -1          0       0       1       
	Tree                39      2675.90 1460.37 1       1.00    0.00    0       43.58   1.00    1.00    1.00    6       3460    -1          -1          0       0       1       
	Tree                40      2588.14 1461.13 1       1.00    0.00    0       43.82   1.00    1.00    1.00    6       3491    -1          -1          0       0       1       
	Tree                41      2558.55 1582.14 1       1.00    0.00    0       44.06   1.00    1.00    1.00    6       3518    -1          -1          0       0       1       
	Tree                42      2456.48 1511.08 1       1.00    0.00    0       54.38   1.00    1.00    1.00    6       3558    -1          -1          0       0       1       
	Tree                43      2386.20 1432.89 1       1.00    0.00    0       44.54   1.00    1.00    1.00    6       3579    -1          -1          0       0       1       
	Tree                44      2279.35 1430.56 1       1.00    0.00    0       44.78   1.00    1.00    1.00    6       3610    -1          -1          0       0       1       
	Tree                45      2374.52 1532.82 1       1.00    0.00    0       45.02   1.00    1.00    1.00    6       3640    -1          -1          0       0       1       
	Tree                46      2494.16 1681.46 1       1.00    0.00    0       50.18   1.00    1.00    1.00    6       3659    -1          -1          0       0       1       
	Tree                47      2713.50 1742.75 1       1.00    0.00    0       50.42   1.00    1.00    1.00    6       3689    -1          -1          0       0       1       
Buildings_EndDefinition

