MultiwiniaOptions_StartDefinition
	GameTypes	Domination
	PopulationCap	2000
	DefenderPopulationCap	-1
	NumPlayers	2
	PlayTime	10
	Difficulty	intermediate
	OfficialLevel
MultiwiniaOptions_EndDefinition

Landscape_StartDefinition
	worldSizeX 2677
	worldSizeZ 2677
	cellSize 14.00
	outsideHeight -10.00
	maxHeight 0.00
	landColourFile landscape_shrine.bmp
	wavesColourFile waves_default.bmp
	waterColourFile water_default.bmp
Landscape_EndDefinition

LandscapeTiles_StartDefinition
	#                            frac  height desired gen         lowland
	# x       y       z    size   dim  scale  height  method seed smooth  guideGrid
	# =============================================================================
	    31  -5.00     53   1335  1.20   4.00    200      1 518488   1.10     2   AAAAAAAAAAAAAAAAAA
	  1355  -5.00    716   1335  1.20   4.00    200      1 543478   1.10     2   AAAAAAAAAAAAAAAAAA
	     0  -5.00   1306   1335  1.20   4.00    200      1 580364   1.10     2   AAAAAAAAAAAAAAAAAA
LandscapeTiles_EndDefinition

LandFlattenAreas_StartDefinition
	# x      y       z      size
	# ==========================
LandFlattenAreas_EndDefinition

Lights_StartDefinition
	# x      y      z        r      g      b
	# =========================================
	 -0.05   0.67   0.74     0.75   0.75   0.75
	 -0.74   0.00   0.67     3.00   1.50   1.00
Lights_EndDefinition

Buildings_StartDefinition
	# Type              id      x       z       tm      rx      rz      isGlobal
	# ==========================================================================
	RadarDish           3       1159.00 1938.22 255     -0.97   0.23    1       1    1    4    
	RadarDish           4       1623.83 1868.02 255     0.52    -0.85   1       1    1    3    
	RadarDish           5       1460.43 978.85  255     0.99    0.17    1       1    1    6    
	RadarDish           6       1074.20 860.70  255     -0.98   -0.18   1       1    1    5    
	SpawnPoint          11      576.40  2409.95 0       0.50    -0.87   0       
	SpawnPoint          12      353.27  2027.62 0       1.00    0.00    0       
	SpawnPoint          13      923.25  1723.14 0       -0.94   0.33    0       
	SpawnPoint          14      906.77  297.55  1       -0.42   0.91    0       
	SpawnPoint          15      500.43  384.93  1       0.66    0.75    0       
	SpawnPoint          16      718.14  953.26  1       0.07    -1.00   0       
	SpawnPoint          17      1799.41 1101.46 255     -0.46   0.89    0       31    
	SpawnPoint          18      2399.72 1198.73 255     -0.80   0.60    0       
	SpawnPoint          19      1843.13 1831.47 255     0.32    -0.95   0       
	TrunkPort           20      1160.92 1480.95 255     1.00    0.00    1       -1      
	SpawnPointMaster    21      1304.17 1699.73 255     1.00    0.00    0       22    
	SpawnLink           22      1164.78 1540.96 255     1.00    0.00    0       23    
	SpawnLink           23      1070.71 1574.40 255     1.00    0.00    0       13    24    26    29    
	SpawnLink           24      1057.16 2118.82 255     1.00    0.00    0       25    
	SpawnLink           25      776.52  2332.25 255     1.00    0.00    0       11    12    
	SpawnLink           26      851.77  1253.53 255     1.00    0.00    0       16    27    
	SpawnLink           27      235.02  733.58  255     0.58    -0.81   0       28    
	SpawnLink           28      705.30  405.05  255     1.00    0.00    0       15    14    
	SpawnLink           29      1500.65 1812.82 255     1.00    0.00    0       19    30    
	SpawnLink           30      1475.71 1401.87 255     1.00    0.00    0       17    
	SpawnLink           31      2156.22 1135.10 255     1.00    0.00    0       18    
	Tree                32      1938.73 1544.53 255     1.00    0.00    0       80.00   2.00    1.10    0.62    6       99339   -16244167   -6460340    0       0       0       
	Tree                33      2101.95 1414.22 255     1.00    0.00    0       80.90   2.00    1.10    0.62    6       42957   -16244167   -6460340    0       0       0       
	Tree                34      1931.19 1351.46 255     1.00    0.00    0       81.28   2.00    1.10    0.62    6       42987   -16244167   -6460340    0       0       0       
	Tree                35      2136.89 1051.43 255     1.00    0.00    0       73.79   2.00    1.10    0.62    6       43027   -16244167   -6460340    0       0       0       
	Tree                36      1691.36 1465.30 255     1.00    0.00    0       90.69   2.00    1.10    0.62    6       43097   -16244167   -6460340    0       0       0       
	Tree                37      1756.45 1478.90 255     1.00    0.00    0       91.07   2.00    1.10    0.62    6       43128   -16244167   -6460340    0       0       0       
	Tree                38      711.69  1662.04 255     1.00    0.00    0       76.09   2.00    1.10    0.62    6       43207   -16244167   -6460340    0       0       0       
	Tree                39      952.71  1809.52 255     1.00    0.00    0       84.35   2.00    1.10    0.62    6       43225   -16244167   -6460340    0       0       0       
	Tree                40      592.84  890.30  255     1.00    0.00    0       84.73   2.00    1.10    0.62    6       43256   -16244167   -6460340    0       0       0       
	Tree                41      800.48  977.42  255     1.00    0.00    0       85.11   2.00    1.10    0.62    6       43287   -16244167   -6460340    0       0       0       
	Tree                42      269.64  270.04  255     1.00    0.00    0       70.13   2.00    1.10    0.62    6       43366   -16244167   -6460340    0       0       0       
	Tree                43      192.56  2196.67 255     1.00    0.00    0       86.64   2.00    1.10    0.62    6       43406   -16244167   -6460340    0       0       0       
	StaticShape         44      2109.66 1717.80 255     0.58    0.81    0         1.31  temple4.shp  
	StaticShape         45      2126.26 1662.97 255     0.90    0.43    0         0.83  rockhead.shp  
	StaticShape         46      2169.40 1696.38 255     0.58    0.81    0         1.31  temple4.shp  
	StaticShape         47      2176.05 1629.73 255     0.58    0.81    0         1.31  temple4.shp  
	AITarget            48      877.14  355.59  255     1.00    0.00    0       -1    0.00 1     
	AITarget            49      552.06  449.54  255     1.00    0.00    0       -1    0.00 1     
	AITarget            50      726.03  892.42  255     1.00    0.00    0       -1    0.00 1     
	AITarget            52      609.12  2354.17 255     1.00    0.00    0       -1    0.00 1     
	AITarget            53      429.16  2022.96 255     1.00    0.00    0       -1    0.00 1     
	AITarget            54      856.39  1749.96 255     1.00    0.00    0       -1    0.00 1     
	AITarget            56      1614.24 1511.95 255     1.00    0.00    0       -1    0.00 1     
	AITarget            58      2343.68 1246.08 255     1.00    0.00    0       -1    0.00 1     
	AITarget            59      1763.78 1184.21 255     1.00    0.00    0       -1    0.00 1     
	AITarget            60      1860.03 1760.42 255     1.00    0.00    0       -1    0.00 1     
	AITarget            61      2072.10 1264.20 255     1.00    0.00    0       -1    0.00 1     
	AITarget            62      2118.73 1572.14 255     1.00    0.00    0       -1    0.00 1     
	RadarDish           66      399.48  849.29  255     0.04    -1.00   1       1    1    69   
	RadarDish           69      386.72  1635.02 255     0.00    1.00    1       1    1    66   
	AITarget            70      535.01  821.43  255     1.00    0.00    0       -1    0.00 1     
	AITarget            71      503.67  1642.30 255     1.00    0.00    0       -1    0.00 1     
	AITarget            73      683.19  2009.62 255     1.00    0.00    0       -1    0.00 1     
	AITarget            74      746.88  654.23  255     1.00    0.00    0       -1    0.00 1     
	Tree                9       236.42  2196.42 255     1.00    0.00    0       80.95   2.00    1.10    0.62    6       95338   -16244167   -6460340    0       0       0       
	Tree                10      276.74  2267.97 255     1.00    0.00    0       73.07   2.00    1.10    0.62    6       95348   -16244167   -6460340    0       0       0       
	Tree                51      304.24  2209.39 255     1.00    0.00    0       89.20   2.00    1.10    0.62    6       95357   -16244167   -6460340    0       0       0       
	Tree                55      341.24  2247.03 255     1.00    0.00    0       81.33   2.00    1.10    0.62    6       95366   -16244167   -6460340    0       0       0       
	Tree                57      358.32  2309.13 255     1.00    0.00    0       81.33   2.00    1.10    0.62    6       95366   -16244167   -6460340    0       0       0       
	Tree                67      325.09  2157.22 255     1.00    0.00    0       89.59   2.00    1.10    0.62    6       95387   -16244167   -6460340    0       0       0       
	Tree                68      229.68  2096.68 255     1.00    0.00    0       81.71   2.00    1.10    0.62    6       95396   -16244167   -6460340    0       0       0       
	Tree                75      888.91  1039.30 255     1.00    0.00    0       85.93   2.00    1.10    0.62    6       95726   -16244167   -6460340    0       0       0       
	Tree                76      935.23  1076.12 255     1.00    0.00    0       78.05   2.00    1.10    0.62    6       95735   -16244167   -6460340    0       0       0       
	Tree                77      996.44  1025.71 255     1.00    0.00    0       70.18   2.00    1.10    0.62    6       95744   -16244167   -6460340    0       0       0       
	Tree                78      991.74  1081.11 255     1.00    0.00    0       70.18   2.00    1.10    0.62    6       95744   -16244167   -6460340    0       0       0       
	Tree                79      987.01  1136.92 255     1.00    0.00    0       86.31   2.00    1.10    0.62    6       95756   -16244167   -6460340    0       0       0       
	Tree                80      1038.73 1145.29 255     1.00    0.00    0       78.44   2.00    1.10    0.62    6       95766   -16244167   -6460340    0       0       0       
	Tree                81      1056.78 1073.71 255     1.00    0.00    0       70.56   2.00    1.10    0.62    6       95775   -16244167   -6460340    0       0       0       
	StaticShape         83      916.70  955.26  255     -0.49   -0.87   0         1.00  carryspider.shp  
	StaticShape         82      977.60  944.17  255     0.58    0.81    0         1.31  temple4.shp  
	StaticShape         84      944.26  1006.34 255     -0.77   -0.64   0         1.31  temple4.shp  
	StaticShape         85      872.84  992.11  255     0.58    0.81    0         1.31  temple4.shp  
	Tree                86      1216.29 242.92  255     1.00    0.00    0       81.08   2.00    1.10    0.62    6       99992   -16244167   -6460340    0       0       0       
	Tree                87      1156.08 241.03  255     1.00    0.00    0       72.74   2.00    1.10    0.62    6       0       -16244167   -6460340    0       0       0       
	Tree                88      1154.04 192.91  255     1.00    0.00    0       89.82   2.00    1.10    0.62    6       9       -16244167   -6460340    0       0       0       
	Tree                89      1195.23 155.49  255     1.00    0.00    0       89.82   2.00    1.10    0.62    6       9       -16244167   -6460340    0       0       0       
	Tree                90      1223.68 213.55  255     1.00    0.00    0       81.48   2.00    1.10    0.62    6       18      -16244167   -6460340    0       0       0       
	Tree                91      1096.41 216.31  255     1.00    0.00    0       90.23   2.00    1.10    0.62    6       39      -16244167   -6460340    0       0       0       
	Tree                92      889.94  1480.71 255     1.00    0.00    0       73.96   2.00    1.10    0.62    6       88      -16244167   -6460340    0       0       0       
	Tree                93      836.42  1499.85 255     1.00    0.00    0       73.96   2.00    1.10    0.62    6       88      -16244167   -6460340    0       0       0       
	Tree                94      797.94  1538.72 255     1.00    0.00    0       91.04   2.00    1.10    0.62    6       97      -16244167   -6460340    0       0       0       
	Tree                95      831.34  1460.88 255     1.00    0.00    0       82.70   2.00    1.10    0.62    6       109     -16244167   -6460340    0       0       0       
	Tree                96      859.56  1402.72 255     1.00    0.00    0       82.70   2.00    1.10    0.62    6       109     -16244167   -6460340    0       0       0       
	StaticShape         98      883.34  1587.71 255     -0.18   0.98    0         6.10  statue.shp  
	StaticShape         97      831.97  1579.11 255     0.58    0.81    0         1.31  temple4.shp  
	StaticShape         99      932.02  1583.76 255     1.00    0.05    0         1.31  temple4.shp  
	StaticShape         100     882.43  1541.84 255     0.58    0.81    0         1.31  temple4.shp  
Buildings_EndDefinition

CameraMounts_StartDefinition
	# Name	          Pos                   Front          Up
	# =========================================================================
	player0          476.46  366.38 2659.21 0.48 -0.46 -0.75 0.25 0.89 -0.39
	player1          717.95  303.91  103.64 0.28 -0.54 0.80 0.18 0.85 0.50
CameraMounts_EndDefinition

CameraAnimations_StartDefinition
CameraAnimations_EndDefinition

Buildings_StartDefinition
	# Type              id      x       z       tm      rx      rz      isGlobal
	# ==========================================================================
Buildings_EndDefinition

InstantUnits_StartDefinition
	# Type         team    x       z   count  inUnit state   spread  waypointX waypointZ  routeId runAsTask
	# ==================================================================================
InstantUnits_EndDefinition

PrimaryObjectives_StartDefinition
	NeverTrue 
PrimaryObjectives_EndDefinition
