MultiwiniaOptions_StartDefinition
	GameTypes	KingOfTheHill 
	PopulationCap	2000
	NumPlayers	4
	Difficulty	basic
	CoopMode
	OfficialLevel
MultiwiniaOptions_EndDefinition

Landscape_StartDefinition
	worldSizeX 3000
	worldSizeZ 3000
	cellSize 18.00
	outsideHeight -10.00
	landColourFile landscape_stronghold.bmp
	wavesColourFile waves_default.bmp
	waterColourFile water_default.bmp
Landscape_EndDefinition

LandscapeTiles_StartDefinition
	#                            frac  height desired gen         lowland
	# x       y       z    size   dim  scale  height  method seed smooth  guideGrid
	# =============================================================================
	    41  -5.00     14   2954  1.20   4.00    200      0 608084   1.00     2   AAAAAAAAAAAAAAAAAA
	  1134   0.00   1328    384  1.20   1.00    200      1 1231285   1.00     0
	  1518   0.00   1236    284  1.20   1.00    200      1 1256026   1.00     0
	  1277   0.00    983    384  1.20   1.00    200      1 1289680   1.00     0
	  1132   0.00   1052    234  1.20   1.00    200      1 1329398   1.00     0
	   827   0.00   1185    384  1.20   1.00    200      1 1616375   1.00     0
	   779   0.00   1365    384  1.20   1.00    200      1 1746093   1.00     0
	  1024   0.00   1604    324  1.20   1.00    200      1 1810735   1.00     0
	  1295   0.00   1682    284  1.20   1.00    200      1 1861183   1.00     0
	  1419   0.00   1380    384  1.20   1.00    200      1      1   1.00     0
LandscapeTiles_EndDefinition

LandFlattenAreas_StartDefinition
	# x      y       z      size
	# ==========================
LandFlattenAreas_EndDefinition

Lights_StartDefinition
	# x      y      z        r      g      b
	# =========================================
	  0.13   0.64  -0.76     0.33   0.33   0.33
	  0.12   0.16   0.98     5.00   3.15   1.23
Lights_EndDefinition

Buildings_StartDefinition
	# Type              id      x       z       tm      rx      rz      isGlobal
	# ==========================================================================
	MultiwiniaZone      0       1343.86 1481.23 255     1.00    0.00    0       555.24
	MultiwiniaZone      1       1343.80 1480.99 255     1.00    0.00    0       50.00 
	MultiwiniaZone      2       1343.23 1481.74 255     1.00    0.00    0       193.87
	MultiwiniaZone      3       1628.88 1707.75 255     1.00    0.00    0       122.63
	MultiwiniaZone      4       1052.43 1723.05 255     1.00    0.00    0       122.00
	MultiwiniaZone      5       1084.44 1210.16 255     1.00    0.00    0       122.00
	MultiwiniaZone      6       1608.95 1217.40 255     1.00    0.00    0       122.00
	MultiwiniaZone      7       1629.98 1709.25 255     1.00    0.00    0       50.00 
	MultiwiniaZone      8       1608.22 1219.20 255     1.00    0.00    0       50.00 
	MultiwiniaZone      9       1085.38 1210.83 255     1.00    0.00    0       50.00 
	MultiwiniaZone      10      1052.04 1724.02 255     1.00    0.00    0       50.00 
	MultiwiniaZone      11      1341.26 1856.24 255     1.00    0.00    0       50.00 
	MultiwiniaZone      12      1334.94 1119.67 255     1.00    0.00    0       50.00 
	MultiwiniaZone      13      985.69  1461.57 255     1.00    0.00    0       50.00 
	MultiwiniaZone      14      1726.08 1464.34 255     1.00    0.00    0       50.00 
	SpawnPoint          15      710.79  1901.95 2       0.99    -0.15   0       
	SpawnPoint          16      762.15  1999.59 2       0.76    -0.64   0       
	SpawnPoint          17      880.17  2053.58 2       -0.08   -1.00   0       
	SpawnPoint          18      1888.10 1971.32 0       -0.46   -0.89   0       
	SpawnPoint          19      1988.15 1907.81 0       -0.90   -0.44   0       
	SpawnPoint          20      2012.99 1786.13 0       -0.98   0.19    0       
	SpawnPoint          21      1869.57 869.36  3       -0.55   0.84    0       
	SpawnPoint          22      1739.88 845.20  3       0.17    0.99    0       
	SpawnPoint          23      1932.99 975.57  3       -1.00   -0.01   0       
	SpawnPoint          24      753.87  921.84  1       0.70    0.72    0       
	SpawnPoint          25      731.46  1027.12 1       1.00    0.05    0       
	SpawnPoint          26      855.17  876.88  1       0.32    0.95    0       
	AITarget            27      802.96  1950.55 255     1.00    0.00    0       -1    0.00 0     
	AITarget            28      821.07  976.71  255     1.00    0.00    0       -1    0.00 1     
	AITarget            29      1824.86 943.62  255     1.00    0.00    0       -1    0.00 1     
	AITarget            30      1904.20 1884.15 255     0.72    0.69    0       -1    0.00 1     
	AITarget            31      1622.87 1704.14 255     1.00    0.00    0       -1    0.00 1     
	AITarget            32      1327.08 1479.65 255     1.00    0.00    0       -1    0.00 0     
	AITarget            33      1340.03 1856.63 255     1.00    0.00    0       -1    0.00 1     
	AITarget            34      1053.02 1729.33 255     1.00    0.00    0       -1    0.00 1     
	AITarget            35      985.20  1464.17 255     1.00    0.00    0       -1    0.00 1     
	AITarget            36      1081.92 1204.02 255     1.00    0.00    0       -1    0.00 1     
	AITarget            37      1334.77 1115.27 255     1.00    0.00    0       -1    0.00 1     
	AITarget            38      1612.89 1218.66 255     1.00    0.00    0       -1    0.00 1     
	AITarget            39      1730.72 1465.22 255     1.00    0.00    0       -1    0.00 1     
	Tree                40      2010.36 552.24  255     1.00    0.00    0       95.28   1.00    0.34    1.22    6       0       -4632464    -13804876   0       0       0       
	Tree                41      1439.70 207.96  255     1.00    0.00    0       85.14   1.00    0.34    1.22    6       56773   -4632464    -13804876   0       0       0       
	Tree                42      1371.35 186.50  255     1.00    0.00    0       85.60   1.00    0.34    1.22    6       56803   -4632464    -13804876   0       0       0       
	Tree                43      1425.79 1001.77 255     1.00    0.00    0       86.05   1.00    0.34    1.22    6       56831   -4632464    -13804876   0       0       0       
	Tree                44      1592.20 1314.31 255     1.00    0.00    0       86.51   1.00    0.34    1.22    6       56861   -4632464    -13804876   0       0       0       
	Tree                45      1131.38 1275.45 255     1.00    0.00    0       105.72  1.00    0.34    1.22    6       56870   -4632464    -13804876   0       0       0       
	Tree                46      1103.19 1678.85 255     1.00    0.00    0       96.34   1.00    0.34    1.22    6       56882   -4632464    -13804876   0       0       0       
	Tree                47      1564.37 1712.79 255     1.00    0.00    0       86.97   1.00    0.34    1.22    6       56892   -4632464    -13804876   0       0       0       
	Tree                48      1536.34 1555.49 255     1.00    0.00    0       87.42   1.00    0.34    1.22    6       56922   -4632464    -13804876   0       0       0       
	Tree                49      1418.55 1633.75 255     1.00    0.00    0       97.25   1.00    0.34    1.22    6       56940   -4632464    -13804876   0       0       0       
	Tree                50      1233.24 1439.31 255     1.00    0.00    0       97.71   1.00    0.34    1.22    6       56971   -4632464    -13804876   0       0       0       
	Tree                51      1443.96 2504.77 255     1.00    0.00    0       108.00  1.00    0.34    1.22    6       57020   -4632464    -13804876   0       0       0       
	Tree                52      1511.51 2532.04 255     1.00    0.00    0       98.62   1.00    0.34    1.22    6       57032   -4632464    -13804876   0       0       0       
	Tree                53      731.27  2668.08 255     1.00    0.00    0       89.25   1.00    0.34    1.22    6       57041   -4632464    -13804876   0       0       0       
	Tree                54      274.86  1739.38 255     1.00    0.00    0       89.70   1.00    0.34    1.22    6       57072   -4632464    -13804876   0       0       0       
	Tree                55      323.83  1304.62 255     1.00    0.00    0       99.53   1.00    0.34    1.22    6       57090   -4632464    -13804876   0       0       0       
	Tree                56      394.17  1249.27 255     1.00    0.00    0       90.16   1.00    0.34    1.22    6       57102   -4632464    -13804876   0       0       0       
	Tree                57      1347.63 1485.43 255     1.00    0.00    0       199.07  1.00    0.34    1.22    6       94798   -4632464    -13804876   0       0       0       
	SpawnPointMaster    58      771.35  2459.13 255     1.00    0.00    0       62    59    60    61    
	SpawnLink           59      656.32  2088.61 255     1.00    0.00    0       15    16    17    
	SpawnLink           60      653.13  847.28  255     1.00    0.00    0       26    24    25    
	SpawnLink           61      1954.25 756.26  255     1.00    0.00    0       22    21    23    
	SpawnLink           62      2100.03 1949.84 255     1.00    0.00    0       20    19    18    
	TrunkPort           63      2117.16 1903.79 255     -0.94   -0.35   1       -1      
	TrunkPort           64      1909.39 727.37  255     -0.55   0.84    1       -1      
	TrunkPort           65      619.48  892.78  255     0.83    0.56    1       -1      
	TrunkPort           66      689.14  2130.60 255     0.76    -0.64   1       -1      
	SpawnPopulationLock 67      1361.24 1482.11 255     1.00    0.00    0       1169.84  1200  
Buildings_EndDefinition

CameraMounts_StartDefinition
	# Name	          Pos                   Front          Up
	# =========================================================================
	player0         2185.69  413.94 2063.72 -0.66 -0.56 -0.50 -0.45 0.83 -0.34
	player2          497.87  485.68 2441.27 0.54 -0.42 -0.73 0.24 0.91 -0.34
	player1          481.13  471.26  730.16 0.65 -0.53 0.55 0.40 0.85 0.34
	player3         2018.63  485.38  609.76 -0.55 -0.48 0.68 -0.30 0.88 0.38
CameraMounts_EndDefinition

CameraAnimations_StartDefinition
CameraAnimations_EndDefinition

Buildings_StartDefinition
	# Type              id      x       z       tm      rx      rz      isGlobal
	# ==========================================================================
Buildings_EndDefinition

InstantUnits_StartDefinition
	# Type         team    x       z   count  inUnit state   spread  waypointX waypointZ  routeId runAsTask
	# ==================================================================================
	Darwinian        0  1916.5  1865.3     40    0      -1    50.0     0.0     0.0   -1   -1    0
	Darwinian        2   805.9  1945.5     40    0      -1    50.0     0.0     0.0   -1   -1    0
	Darwinian        1   818.9   953.4     40    0      -1    50.0     0.0     0.0   -1   -1    0
	Darwinian        3  1809.6   934.7     40    0      -1    50.0     0.0     0.0   -1   -1    0
InstantUnits_EndDefinition

PrimaryObjectives_StartDefinition
	NeverTrue 
PrimaryObjectives_EndDefinition
