0.313 0.456
0.329 0.354
0.342 0.242
0.359 0.182
0.359 0.182
0.362 0.190
0.383 0.279
0.398 0.359
0.419 0.482
0.430 0.520
0.432 0.527
0.432 0.527
0.432 0.527
0.432 0.527
0.434 0.526
0.441 0.430
0.456 0.323
0.474 0.224
0.486 0.185
0.487 0.182
0.487 0.184
0.496 0.227
0.509 0.313
0.525 0.409
0.542 0.510
0.546 0.522
0.546 0.522
0.546 0.522
0.546 0.522
0.546 0.522
0.546 0.521
0.552 0.478
0.565 0.384
0.583 0.264
0.598 0.194
0.605 0.184
0.607 0.182
0.607 0.184
0.612 0.208
0.634 0.318
0.651 0.414
0.665 0.508
0.677 0.560
0.682 0.572
0.682 0.572
0.682 0.572
0.682 0.572
