0.516 0.547
0.516 0.534
0.513 0.474
0.514 0.372
0.518 0.148
0.520 0.117
0.520 0.113
0.520 0.113
0.520 0.113
0.520 0.113
0.520 0.113
0.520 0.113
0.641 0.125
0.758 0.129
0.865 0.130
0.945 0.132
0.971 0.132
0.971 0.132
0.971 0.132
0.971 0.132
0.971 0.132
0.971 0.132
0.971 0.132
0.971 0.132
0.971 0.132
0.971 0.133
0.970 0.143
0.970 0.263
0.969 0.344
0.970 0.484
0.971 0.555
0.971 0.582
0.971 0.586
0.971 0.586
0.971 0.586
0.971 0.586
0.971 0.586
0.971 0.586
0.971 0.586
