MultiwiniaOptions_StartDefinition
	GameTypes	Shaman 
	PopulationCap	-1
	NumPlayers	3
MultiwiniaOptions_EndDefinition

Landscape_StartDefinition
	worldSizeX 3000
	worldSizeZ 3000
	cellSize 16.00
	outsideHeight -10.00
	landColourFile landscape_mine.bmp
	wavesColourFile waves_containmentfield.bmp
	waterColourFile water_default.bmp
Landscape_EndDefinition

LandscapeTiles_StartDefinition
	#                            frac  height desired gen         lowland
	# x       y       z    size   dim  scale  height  method seed smooth  guideGrid
	# =============================================================================
	   438  -5.00    585    693  1.20   3.00    200      1 1099384   0.90     2   AAAAAAAAAAAAAAAAAA
	   861  -5.00    997    693  1.20   3.00    200      1 147206   0.90     2   AAAAAAAAAAAAAAAAAA
	   163  -5.00   1031    693  1.20   3.00    200      1 440396   0.90     2   AAAAAAAAAAAAAAAAAA
	  1153  -5.00   2138    693  1.20   3.00    200      1 524082   0.90     2   AAAAAAAAAAAAAAAAAA
	   779  -5.00    214    693  1.20   3.00    200      1 574430   0.90     2   AAAAAAAAAAAAAAAAAA
	   611  -5.00   2213    693  1.20   3.00    200      1 695168   0.90     2   AAAAAAAAAAAAAAAAAA
	   980  -5.00   1612    693  1.20   3.00    200      1 1095735   0.90     2   AAAAAAAAAAAAAAAAAA
	  1604  -5.00   1807    693  1.20   3.00    200      1 1146866   0.90     2   AAAAAAAAAAAAAAAAAA
	  1829  -5.00    739    693  1.20   3.00    200      1 216534   0.90     2   AAAAAAAAAAAAAAAAAA
	  1513  -5.00    973    693  1.20   3.00    200      1 283876   0.90     2   AAAAAAAAAAAAAAAAAA
	  2024  -5.00   1195    693  1.20   3.00    200      1 373460   0.90     2   AAAAAAAAAAAAAAAAAA
	  1703  -5.00    275    693  1.20   3.00    200      1 538450   0.90     2   AAAAAAAAAAAAAAAAAA
	   876  -5.00   1070    979  1.20   3.00    200      1 147206   0.90     2   AAAAAAAAAAAAAAAAAA
	   676  -5.00    996    361  1.20   3.00    200      1 713420   0.90     2   AAAAAAAAAAAAAAAAAA
	  1232  -5.00   2108    361  1.20   3.00    200      1 713420   0.90     2   AAAAAAAAAAAAAAAAAA
	  1912  -5.00   1644    693  1.20   3.00    200      1 813600   0.90     2   AAAAAAAAAAAAAAAAAA
	  1154  -5.00    158    833  1.20   3.00    200      1 884208   0.90     2   AAAAAAAAAAAAAAAAAA
	   140  -5.00   1345    693  1.20   3.00    200      1 956864   0.90     2   AAAAAAAAAAAAAAAAAA
	     0  -5.00   1745    877  1.20   3.00    200      1 1015610   0.90     2   AAAAAAAAAAAAAAAAAA
	   531  -5.00   1570    693  1.20   3.00    200      1 1206524   0.90     2   AAAAAAAAAAAAAAAAAA
	  1098  -5.00    625    833  1.20   3.00    200      1 1552064   0.90     2   AAAAAAAAAAAAAAAAAA
	  1380  -5.00   1437    833  1.20   3.00    200      1 1626354   0.90     2   AAAAAAAAAAAAAAAAAA
	  1077  -5.00   2438    361  1.20   3.00    200      1 713420   0.90     2   AAAAAAAAAAAAAAAAAA
LandscapeTiles_EndDefinition

LandFlattenAreas_StartDefinition
	# x      y       z      size
	# ==========================
LandFlattenAreas_EndDefinition

Lights_StartDefinition
	# x      y      z        r      g      b
	# =========================================
	  0.79   0.49   0.38     1.60   0.80   0.36
	 -0.93   0.00   0.36     5.00   2.42   1.15
Lights_EndDefinition

Buildings_StartDefinition
	# Type              id      x       z       tm      rx      rz      isGlobal
	# ==========================================================================
	Portal              0       731.62  966.54  0       1.00    0.00    0       1     10    7     13    
	Portal              1       1497.66 2451.41 1       1.00    -0.05   0       1     3     12    4     
	Portal              2       2158.42 1108.60 2       0.97    0.25    0       1     6     5     14    
	Portal              3       940.74  2572.79 255     1.00    0.00    0       0     1     11    
	Portal              4       1970.63 2203.47 255     1.00    0.00    0       0     1     8     
	Portal              5       2391.24 1489.50 255     1.00    0.00    0       0     2     8     
	Portal              6       1957.76 588.54  255     1.00    0.00    0       0     9     2     
	Portal              7       1039.12 599.18  255     1.00    0.00    0       0     0     9     
	Portal              8       2289.77 1917.32 255     1.00    0.00    0       0     5     4     15    
	Portal              9       1528.12 517.58  255     1.00    0.00    0       0     6     15    7     
	Portal              10      549.61  1495.15 255     1.00    0.00    0       0     11    0     
	Portal              11      480.65  2093.44 255     1.00    0.00    0       0     3     10    15    
	Portal              12      1386.48 2147.48 255     1.00    0.00    0       0     1     15    
	Portal              13      1073.86 1327.98 255     1.00    0.00    0       0     0     15    
	Portal              14      1822.95 1358.70 255     1.00    0.00    0       0     15    2     
	Portal              15      1378.27 1629.42 255     1.00    0.00    0       0     8     12    13    11    14    9     
	SpawnPoint          16      615.81  861.76  255     0.70    0.72    0       
	SpawnPoint          17      1602.06 2534.78 255     -0.74   -0.68   0       
	SpawnPoint          18      2265.66 1020.06 255     -0.77   0.64    0       
	SpawnPoint          19      2111.68 533.96  255     -0.77   0.64    0       
	SpawnPoint          20      2474.75 1386.86 255     -0.92   0.38    0       
	SpawnPoint          21      1160.50 1646.65 255     0.95    -0.30   0       
	SpawnPoint          22      2020.40 2298.52 255     -0.46   -0.89   0       
	SpawnPoint          23      837.44  2672.30 255     0.70    -0.72   0       
	SpawnPoint          25      403.73  1516.75 255     1.00    0.00    0       
	SpawnPoint          26      1025.43 462.55  255     0.22    0.98    0       
	StaticShape         24      1409.94 1224.95 255     0.17    -0.99   0         1.00  rockhead.shp  
	SpawnPointMaster    27      1148.07 1059.17 255     1.00    0.00    0       28    
	SpawnLink           28      1411.70 1237.23 255     1.00    0.00    0       29    30    31    32    
	SpawnLink           29      1680.30 1389.00 255     1.00    0.00    0       36    
	SpawnLink           30      1098.85 1233.33 255     1.00    0.00    0       33    
	SpawnLink           31      1475.98 1951.94 255     1.00    0.00    0       39    41    
	SpawnLink           32      1089.41 1521.28 255     1.00    0.00    0       21    
	SpawnLink           33      909.62  993.65  255     1.00    0.00    0       16    35    34    
	SpawnLink           34      885.37  634.28  255     1.00    0.00    0       26    
	SpawnLink           35      448.64  1220.15 255     1.00    0.00    0       25    
	SpawnLink           36      2014.81 1082.99 255     1.00    0.00    0       37    18    38    
	SpawnLink           37      2204.01 697.78  255     1.00    0.00    0       19    
	SpawnLink           38      2473.83 1234.79 255     1.00    0.00    0       20    
	SpawnLink           39      1662.19 2263.99 255     1.00    0.00    0       40    17    
	SpawnLink           40      2010.26 2390.32 255     1.00    0.00    0       22    
	SpawnLink           41      1176.17 2427.10 255     1.00    0.00    0       23    
	AITarget            42      1542.32 2494.00 255     1.00    0.00    0       -1    0.00
	AITarget            43      1986.85 2244.93 255     1.00    0.00    0       -1    0.00
	AITarget            44      950.64  2575.06 255     1.00    0.00    0       -1    0.00
	AITarget            45      825.12  2585.28 255     1.00    0.00    0       -1    0.00
	AITarget            46      1390.61 2133.37 255     1.00    0.00    0       -1    0.00
	AITarget            47      1383.46 1637.12 255     1.00    0.00    0       -1    0.00
	AITarget            48      1955.84 2192.52 255     1.00    0.00    0       -1    0.00
	AITarget            49      1209.53 1629.88 255     1.00    0.00    0       -1    0.00
	AITarget            50      1080.19 1307.43 255     1.00    0.00    0       -1    0.00
	AITarget            51      1823.13 1354.15 255     1.00    0.00    0       -1    0.00
	AITarget            52      2290.67 1916.69 255     1.00    0.00    0       -1    0.00
	AITarget            53      1786.26 1753.08 255     1.00    0.00    0       -1    0.00
	AITarget            54      2396.34 1480.83 255     1.00    0.00    0       -1    0.00
	AITarget            55      2424.78 1400.38 255     1.00    0.00    0       -1    0.00
	AITarget            56      2194.76 1062.71 255     1.00    0.00    0       -1    0.00
	AITarget            57      2071.82 565.81  255     1.00    0.00    0       -1    0.00
	AITarget            58      1964.53 586.93  255     1.00    0.00    0       -1    0.00
	AITarget            59      1525.02 517.75  255     1.00    0.00    0       -1    0.00
	AITarget            60      1519.60 1062.89 255     1.00    0.00    0       -1    0.00
	AITarget            61      1042.18 510.87  255     1.00    0.00    0       -1    0.00
	AITarget            62      1037.09 607.72  255     1.00    0.00    0       -1    0.00
	AITarget            63      658.69  895.25  255     1.00    0.00    0       -1    0.00
	AITarget            65      544.17  1476.54 255     1.00    0.00    0       -1    0.00
	AITarget            64      442.21  1509.38 255     1.00    0.00    0       -1    0.00
	AITarget            66      492.95  2091.89 255     1.00    0.00    0       -1    0.00
	AITarget            67      1007.37 1880.81 255     1.00    0.00    0       -1    0.00
	Tree                68      1543.17 2726.22 255     0.50    0.87    0       96.82   4.93    0.76    0.91    5       12231   -2026668322 655935915   0       
	Tree                69      1441.59 2763.97 255     0.50    0.87    0       87.01   4.93    0.76    0.91    5       77784   -2026668322 655935915   0       
	Tree                70      967.18  1426.36 255     0.50    0.87    0       97.93   4.93    0.76    0.91    5       77864   -2026668322 655935915   0       
	Tree                71      991.52  1468.34 255     0.50    0.87    0       88.40   4.93    0.76    0.91    5       77876   -2026668322 655935915   0       
	Tree                72      1018.31 1505.29 255     0.50    0.87    0       98.39   4.93    0.76    0.91    5       77894   -2026668322 655935915   0       
	Tree                73      2034.93 1617.58 255     0.50    0.87    0       99.78   4.93    0.76    0.91    5       77986   -2026668322 655935915   0       
	Tree                74      2560.89 1400.00 255     0.50    0.87    0       110.70  4.93    0.76    0.91    5       78065   -2026668322 655935915   0       
	Tree                75      2418.08 855.61  255     0.50    0.87    0       101.64  4.93    0.76    0.91    5       78105   -2026668322 655935915   0       
	Tree                76      2342.17 502.76  255     0.50    0.87    0       102.56  4.93    0.76    0.91    5       78163   -2026668322 655935915   0       
	Tree                77      2299.10 401.33  255     0.50    0.87    0       83.51   4.93    0.76    0.91    5       78184   -2026668322 655935915   0       
	Tree                78      1549.54 285.86  255     0.50    0.87    0       93.96   4.93    0.76    0.91    5       78233   -2026668322 655935915   0       
	Tree                79      1572.96 982.28  255     0.50    0.87    0       84.90   4.93    0.76    0.91    5       78273   -2026668322 655935915   0       
	Tree                80      1505.71 976.29  255     0.50    0.87    0       94.89   4.93    0.76    0.91    5       78294   -2026668322 655935915   0       
	Tree                81      1502.60 1509.23 255     0.50    0.87    0       95.35   4.93    0.76    0.91    5       78324   -2026668322 655935915   0       
	Tree                82      1413.29 1418.91 255     0.50    0.87    0       105.34  4.93    0.76    0.91    5       78343   -2026668322 655935915   0       
	Tree                83      1225.25 1496.83 255     0.50    0.87    0       86.29   4.93    0.76    0.91    5       78364   -2026668322 655935915   0       
	Tree                84      1306.45 1757.40 255     0.50    0.87    0       96.28   4.93    0.76    0.91    5       78382   -2026668322 655935915   0       
	Tree                85      1339.94 1799.59 255     0.50    0.87    0       86.75   4.93    0.76    0.91    5       78392   -2026668322 655935915   0       
	Tree                86      878.42  1968.56 255     0.50    0.87    0       87.21   4.93    0.76    0.91    5       78422   -2026668322 655935915   0       
	Tree                87      1028.48 1175.54 255     0.50    0.87    0       107.20  4.93    0.76    0.91    5       78462   -2026668322 655935915   0       
	Tree                88      944.28  1261.17 255     0.50    0.87    0       97.67   4.93    0.76    0.91    5       78474   -2026668322 655935915   0       
	Tree                89      1741.02 1797.47 255     0.50    0.87    0       88.60   4.93    0.76    0.91    5       78514   -2026668322 655935915   0       
	Tree                90      1881.37 1615.36 255     0.50    0.87    0       108.59  4.93    0.76    0.91    5       78553   -2026668322 655935915   0       
	StaticShape         91      2440.42 2086.71 255     0.85    0.52    0         1.00  rockhead.shp  
	StaticShape         92      245.09  2373.49 255     -0.99   0.14    0         1.00  rockhead.shp  
	SpawnPopulationLock 99      1371.66 1525.65 255     0.99    -0.15   0       472.53   350   
	SpawnPopulationLock 93      1658.31 2222.84 255     0.99    -0.15   0       472.53   350   
	SpawnPopulationLock 94      2152.52 1618.27 255     0.99    -0.15   0       472.53   200   
	SpawnPopulationLock 95      1933.11 798.34  255     0.99    -0.15   0       472.53   350   
	SpawnPopulationLock 96      1243.63 673.20  255     0.99    -0.15   0       472.53   200   
	SpawnPopulationLock 97      636.23  1249.75 255     0.99    -0.15   0       472.53   350   
	SpawnPopulationLock 98      554.21  2046.08 255     0.99    -0.15   0       472.53   200   
	SpawnPopulationLock 100     1051.65 2382.30 255     0.99    -0.15   0       472.53   200   
Buildings_EndDefinition

CameraMounts_StartDefinition
	# Name	          Pos                   Front          Up
	# =========================================================================
	player0          421.61  241.67  952.18 0.69 -0.72 -0.01 0.72 0.69 -0.01
	player2         2139.84  248.40  819.26 0.10 -0.76 0.64 0.12 0.65 0.75
	player1         1623.88  277.31 2380.59 -0.41 -0.87 0.27 -0.72 0.49 0.49
CameraMounts_EndDefinition

CameraAnimations_StartDefinition
CameraAnimations_EndDefinition

Buildings_StartDefinition
	# Type              id      x       z       tm      rx      rz      isGlobal
	# ==========================================================================
Buildings_EndDefinition

InstantUnits_StartDefinition
	# Type         team    x       z   count  inUnit state   spread  waypointX waypointZ  routeId
	# ==================================================================================
	Darwinian        1  1543.4  2485.6     40    0      -1    50.0     0.0     0.0   -1   -1
	Darwinian        0   615.2   948.3     40    0      -1    50.0     0.0     0.0   -1   -1
	Darwinian        2  2204.2  1070.7     40    0      -1    50.0     0.0     0.0   -1   -1
InstantUnits_EndDefinition

PrimaryObjectives_StartDefinition
	NeverTrue 
PrimaryObjectives_EndDefinition
