MultiwiniaOptions_StartDefinition
	GameTypes	Shaman 
	PopulationCap	-1
	NumPlayers	3
MultiwiniaOptions_EndDefinition

Landscape_StartDefinition
	worldSizeX 2300
	worldSizeZ 2300
	cellSize 12.00
	outsideHeight -10.00
	landColourFile landscape_marble.bmp
	wavesColourFile waves_default.bmp
	waterColourFile water_default.bmp
Landscape_EndDefinition

LandscapeTiles_StartDefinition
	#                            frac  height desired gen         lowland
	# x       y       z    size   dim  scale  height  method seed smooth  guideGrid
	# =============================================================================
	   146  -5.00    128   1982  1.20   4.00    200      1 1335713   0.80     2   AAAAAAAAAAAAAAAAAA
	  1272   0.00   1251    494  1.20   4.00     50      1 1255243   0.80     2   AAAAAAAAAAAAAAAAAA
LandscapeTiles_EndDefinition

LandFlattenAreas_StartDefinition
	# x      y       z      size
	# ==========================
LandFlattenAreas_EndDefinition

Lights_StartDefinition
	# x      y      z        r      g      b
	# =========================================
	 -0.71   0.58  -0.40     0.60   0.55   0.51
	  0.86   0.24   0.46     2.18   1.90   1.30
Lights_EndDefinition

Buildings_StartDefinition
	# Type              id      x       z       tm      rx      rz      isGlobal
	# ==========================================================================
	Portal              0       669.96  652.31  0       1.00    0.00    0       1     6     7     10    
	Portal              1       834.72  1820.36 1       1.00    0.00    0       1     4     9     15    
	Portal              2       1655.70 1076.89 2       1.00    0.00    0       1     5     13    12    
	Portal              3       1046.17 1231.38 255     1.00    0.00    0       0     4     6     5     
	Portal              4       894.02  1553.19 255     1.00    0.00    0       0     1     3     
	Portal              5       1403.33 1048.61 255     1.00    0.00    0       0     3     2     
	Portal              6       850.99  909.01  255     1.00    0.00    0       0     3     0     
	Portal              7       525.59  932.94  255     1.00    0.00    0       0     0     8     
	Portal              8       482.03  1296.44 255     1.00    0.00    0       0     7     9     
	Portal              9       556.08  1626.02 255     1.00    0.00    0       0     8     1     
	Portal              10      956.57  667.09  255     1.00    0.00    0       0     11    0     
	Portal              11      1279.52 721.80  255     1.00    0.00    0       0     12    10    
	Portal              12      1520.78 837.54  255     1.00    0.00    0       0     2     11    
	Portal              13      1892.82 1258.47 255     1.00    0.00    0       0     14    2     
	Portal              14      1612.04 1525.06 255     1.00    0.00    0       0     15    13    
	Portal              15      1219.89 1616.95 255     1.00    0.00    0       0     1     14    
	SpawnPoint          16      838.94  1942.47 255     0.07    -1.00   0       
	SpawnPoint          17      1759.60 998.77  255     -0.90   0.44    0       
	SpawnPoint          18      587.86  531.99  255     0.62    0.78    0       
	SpawnPoint          19      697.86  1440.08 255     0.58    0.81    0       
	SpawnPoint          20      1334.23 1324.04 255     0.17    -0.99   0       
	SpawnPoint          21      1031.52 829.00  255     -0.87   0.49    0       
	SpawnPointMaster    22      2006.55 1985.54 255     1.00    0.00    0       23    
	StaticShape         24      1500.76 2000.42 255     0.50    0.87    0         1.00  rockhead.shp  
	SpawnLink           23      1511.18 2006.16 255     1.00    0.00    0       25    
	SpawnLink           25      1297.62 1800.53 255     1.00    0.00    0       26    28    
	SpawnLink           26      925.92  1940.67 255     1.00    0.00    0       16    27    
	SpawnLink           27      699.68  1643.35 255     1.00    0.00    0       31    
	SpawnLink           28      1354.10 1505.14 255     1.00    0.00    0       20    29    
	SpawnLink           29      1632.27 1315.54 255     1.00    0.00    0       30    
	SpawnLink           30      1837.24 1090.41 255     1.00    0.00    0       17    
	SpawnLink           31      538.20  1373.44 255     1.00    0.00    0       19    32    
	SpawnLink           32      684.28  1014.30 255     1.00    0.00    0       33    21    
	SpawnLink           33      418.63  562.97  255     1.00    0.00    0       18    
	Tree                34      1405.22 1334.70 255     1.00    0.00    0       62.19   5.00    0.65    1.30    6       87810   -13808789   -10495870   0       
	Tree                35      1191.19 1789.96 255     1.00    0.00    0       64.01   5.00    0.65    1.30    6       80604   -13808789   -10495870   0       
	Tree                36      1423.25 1674.56 255     1.00    0.00    0       70.43   5.00    0.65    1.30    6       80622   -13808789   -10495870   0       
	Tree                37      1483.92 1731.70 255     1.00    0.00    0       64.31   5.00    0.65    1.30    6       80632   -13808789   -10495870   0       
	Tree                38      1363.96 1612.64 255     1.00    0.00    0       58.19   5.00    0.65    1.30    6       80644   -13808789   -10495870   0       
	Tree                39      393.25  1189.12 255     1.00    0.00    0       53.26   5.00    0.65    1.30    6       80772   -13808789   -10495870   0       
	Tree                40      469.23  1159.75 255     1.00    0.00    0       65.80   5.00    0.65    1.30    6       80781   -13808789   -10495870   0       
	Tree                41      538.78  1163.32 255     1.00    0.00    0       59.67   5.00    0.65    1.30    6       80793   -13808789   -10495870   0       
	Tree                42      597.77  1111.19 255     1.00    0.00    0       66.09   5.00    0.65    1.30    6       80812   -13808789   -10495870   0       
	Tree                43      649.76  1049.79 255     1.00    0.00    0       59.97   5.00    0.65    1.30    6       80821   -13808789   -10495870   0       
	Tree                44      1426.01 880.60  255     1.00    0.00    0       54.75   5.00    0.65    1.30    6       80922   -13808789   -10495870   0       
	Tree                45      1407.16 810.58  255     1.00    0.00    0       67.28   5.00    0.65    1.30    6       80931   -13808789   -10495870   0       
	Tree                46      1420.63 739.10  255     1.00    0.00    0       55.04   5.00    0.65    1.30    6       80952   -13808789   -10495870   0       
	Tree                47      1441.59 694.13  255     1.00    0.00    0       67.58   5.00    0.65    1.30    6       80961   -13808789   -10495870   0       
	Tree                48      1389.02 641.92  255     1.00    0.00    0       61.76   5.00    0.65    1.30    6       81001   -13808789   -10495870   0       
	Tree                49      1070.84 449.92  255     1.00    0.00    0       68.77   5.00    0.65    1.30    6       81080   -13808789   -10495870   0       
	Tree                50      1134.87 1112.60 255     1.00    0.00    0       56.53   5.00    0.65    1.30    6       81102   -13808789   -10495870   0       
	Tree                51      958.33  1285.09 255     1.00    0.00    0       56.83   5.00    0.65    1.30    6       81132   -13808789   -10495870   0       
	Tree                52      1126.61 1277.44 255     1.00    0.00    0       54.92   5.00    0.65    1.30    6       81459   -13808789   -10495870   0       
	StaticShape         53      273.53  409.58  255     -0.74   -0.67   0         1.00  rockhead.shp  
	StaticShape         54      1617.73 484.64  255     0.73    -0.68   0         1.00  rockhead.shp  
	AITarget            55      1718.35 1026.10 255     1.00    0.00    0       -1    0.00
	AITarget            56      1516.29 841.18  255     1.00    0.00    0       -1    0.00
	AITarget            57      1281.52 722.84  255     1.00    0.00    0       -1    0.00
	AITarget            58      1404.00 1050.26 255     1.00    0.00    0       -1    0.00
	AITarget            59      1893.61 1265.32 255     1.00    0.00    0       -1    0.00
	AITarget            60      1612.59 1526.61 255     1.00    0.00    0       -1    0.00
	AITarget            61      1346.04 1271.63 255     1.00    0.00    0       -1    0.00
	AITarget            62      1228.78 1619.37 255     1.00    0.00    0       -1    0.00
	AITarget            63      893.98  1553.69 255     1.00    0.00    0       -1    0.00
	AITarget            64      832.35  1876.52 255     1.00    0.00    0       -1    0.00
	AITarget            65      1047.14 1229.93 255     1.00    0.00    0       -1    0.00
	AITarget            66      988.63  857.55  255     1.00    0.00    0       -1    0.00
	AITarget            67      841.63  909.43  255     1.00    0.00    0       -1    0.00
	AITarget            68      530.15  937.91  255     1.00    0.00    0       -1    0.00
	AITarget            69      617.34  570.22  255     1.00    0.00    0       -1    0.00
	AITarget            70      959.10  671.83  255     1.00    0.00    0       -1    0.00
	AITarget            71      556.90  1623.82 255     1.00    0.00    0       -1    0.00
	AITarget            72      484.42  1296.58 255     1.00    0.00    0       -1    0.00
	AITarget            73      742.74  1476.31 255     1.00    0.00    0       -1    0.00
	SpawnPopulationLock 74      703.25  1622.27 255     1.00    0.00    0       580.96   400   
	SpawnPopulationLock 75      862.71  733.77  255     1.00    0.00    0       580.96   400   
	SpawnPopulationLock 76      1641.32 1218.94 255     1.00    0.00    0       580.96   400   
Buildings_EndDefinition

CameraMounts_StartDefinition
	# Name	          Pos                   Front          Up
	# =========================================================================
	player1          845.49  161.79 2038.24 -0.04 -0.58 -0.81 -0.03 0.81 -0.58
	player0          539.79  196.88  466.86 0.44 -0.65 0.62 0.37 0.76 0.53
	player2         1860.26  192.15  945.54 -0.74 -0.58 0.34 -0.52 0.82 0.24
CameraMounts_EndDefinition

CameraAnimations_StartDefinition
CameraAnimations_EndDefinition

Buildings_StartDefinition
	# Type              id      x       z       tm      rx      rz      isGlobal
	# ==========================================================================
Buildings_EndDefinition

InstantUnits_StartDefinition
	# Type         team    x       z   count  inUnit state   spread  waypointX waypointZ  routeId
	# ==================================================================================
	Darwinian        1   849.7  1886.8     40    0      -1    50.0     0.0     0.0   -1   -1
	Darwinian        0   621.4   575.8     40    0      -1    50.0     0.0     0.0   -1   -1
	Darwinian        2  1701.8  1031.5     40    0      -1    50.0     0.0     0.0   -1   -1
InstantUnits_EndDefinition

PrimaryObjectives_StartDefinition
	NeverTrue 
PrimaryObjectives_EndDefinition
