Landscape_StartDefinition
	worldSizeX 3000
	worldSizeZ 3000
	cellSize 12.00
	outsideHeight -10.00
	landColourFile landscape_jailbreak.bmp
	wavesColourFile waves_icecaps.bmp
	waterColourFile water_icecaps.bmp
Landscape_EndDefinition

LandscapeTiles_StartDefinition
	#                            frac  height desired gen         lowland
	# x       y       z    size   dim  scale  height  method seed smooth  guideGrid
	# =============================================================================
	    -2  -1.00   1684    794  1.30   2.00    260      1   2092   1.00     0
	   141  -2.60   2157    794  1.30   2.00    287      1 8082323   1.00     0
	   156  -1.00    576    794  1.30   2.00    260      1 17114151   1.00     0
	   508  -1.00     81    764  1.30   2.00    260      1 15816876   1.00     0
	   622  -1.00    662    764  1.30   2.00    260      1 17239069   1.00     0
	  1121  -1.00    202    764  1.30   2.00    260      1 17421683   1.00     0
	  1003  -5.00   1589    564  1.30   2.00    150      0 6414207   1.00     0
	  1610  -1.00   2235    650  1.30   2.00    260      1 21549551   1.00     0
	 12489  -1.00  83456    764  1.30   2.00    260      1 22314268   1.00     0
	  2242  -1.00   1591    764  1.30   2.00    260      1 24632007   1.00     0
	  1916  -1.00    997    764  1.30   2.00    260      1 26971565   1.00     0
	  2155  -1.00    420    764  1.30   2.00    260      1 27355861   1.00     0
	  2457  -5.00   1203    564  1.30   2.00    220      0 10319703   1.00     0
	  1062  -5.00   2185    564  1.30   2.00    260      0 6362048   1.00     0
	  1400  -5.00    930    564  1.30   2.00    220      0 10423010   1.00     0
	  1731   0.00   1748    384  1.20   1.00    200      1 3353183   1.00     0
LandscapeTiles_EndDefinition

LandFlattenAreas_StartDefinition
	# x      y       z      size
	# ==========================
LandFlattenAreas_EndDefinition

Lights_StartDefinition
	# x      y      z        r      g      b
	# =========================================
	  0.24   0.65  -0.72     1.05   0.60   0.49
	  0.94   0.03  -0.35     1.35   1.07   0.48
Lights_EndDefinition

Buildings_StartDefinition
	# Type              id      x       z       tm      rx      rz      isGlobal
	# ==========================================================================
	ControlTower        0       2341.29 2235.53 2       -0.89   0.46    1           -1
	TrunkPort           2       1244.96 1947.99 1       1.00    0.00    1       1       
	RadarDish           11      2291.95 717.73  1       0.96    0.27    1       
	ControlTower        12      2451.54 551.72  1       0.32    0.95    1           11
	RadarDish           13      1769.95 847.36  1       -0.81   -0.59   1       
	ControlTower        14      1780.68 739.79  1       -0.98   0.21    1           13
	Tree                41      1427.58 1967.04 1       1.00    0.00    0       120.00  1.00    1.00    1.00    7       61213   -10197916   -16677889   15      
	Tree                42      1468.70 1757.92 1       1.00    0.00    0       119.65  1.00    1.00    1.00    7       94469   -10197916   -16736001   10      
	AITarget            44      2757.87 1408.93 1       1.00    0.00    0       
	AITarget            45      2406.28 1563.65 1       1.00    0.00    0       
	ResearchItem        46      307.16  679.41  1       0.30    0.31    0       Darwinian      3
	AITarget            47      169.86  1959.13 1       1.00    0.00    0       
	AITarget            48      449.57  1984.37 1       1.00    0.00    0       
	AITarget            49      630.44  2201.25 1       1.00    0.00    0       
	AITarget            50      793.21  2457.54 1       1.00    0.00    0       
	TrunkPort           51      2456.14 2243.40 1       -1.00   -0.04   1       7       
	RadarDish           55      706.56  1249.79 1       -0.92   -0.40   1       
	ControlTower        56      607.79  1273.55 1       -0.59   -0.81   1           55
	RadarDish           57      295.33  1780.19 1       0.00    1.00    1       
	ControlTower        58      195.61  1808.54 1       0.50    0.87    1           57
	RadarDish           59      1118.73 2044.95 1       0.86    -0.50   1       
	RadarDish           60      1712.51 2355.81 1       0.68    0.73    1       
	ControlTower        61      1781.16 2288.85 1       -0.18   0.98    1           60
	RadarDish           62      811.69  2324.47 1       -0.91   0.41    1       
	ControlTower        63      726.61  2183.82 1       0.94    -0.34   1           62
	SafeArea            89      1259.99 1861.82 0       1.00    0.00    1       250.00 75 12
	TrunkPort           90      822.85  2764.91 1       -0.03   -1.00   1       3       
	SafeArea            92      938.99  767.22  1       1.00    0.00    1       500.00 5 14
	ControlTower        94      1166.88 2047.16 1       0.80    0.61    1           59
	SafeArea            96      655.05  2468.88 0       1.00    0.00    1       50.00  5 12
	FeedingTube         64      2335.38 1003.40 1       -0.60   -0.80   0       65      
	FeedingTube         65      2130.62 1164.11 1       0.39    0.92    0       67      
	FeedingTube         67      1830.56 1342.09 1       0.84    0.54    0       68      
	FeedingTube         68      1736.45 1808.86 1       0.52    0.85    0       69      
	FeedingTube         69      1473.80 1898.95 1       0.20    0.98    0       70      
	FeedingTube         70      1245.62 1950.94 1       0.00    1.00    0       70      
	FeedingTube         71      1148.70 1930.76 1       -0.15   0.99    0       70      
	FeedingTube         72      744.02  1895.64 1       -0.15   0.99    0       71      
	FeedingTube         73      406.03  1783.39 1       -0.64   0.76    0       72      
	FeedingTube         74      370.63  1405.45 1       1.00    0.02    0       73      
	FeedingTube         75      400.16  1216.48 1       0.99    0.12    0       74      
	FeedingTube         76      1679.65 2811.07 1       -0.20   0.98    0       77      
	FeedingTube         77      1516.16 2687.51 1       -0.34   0.94    0       78      
	FeedingTube         78      1241.82 2573.76 1       -0.68   0.73    0       79      
	FeedingTube         79      1164.35 2288.31 1       -0.96   0.27    0       80      
	FeedingTube         80      889.26  2157.96 1       0.93    -0.37   0       66      
	FeedingTube         66      912.20  1990.02 1       0.70    0.72    0       71      
	ScriptTrigger       81      695.00  2400.48 0       1.00    0.00    0       -1     45.00  jailbreakcapture Darwinian
Buildings_EndDefinition

