Landscape_StartDefinition
	worldSizeX 4000
	worldSizeZ 4000
	cellSize 18.00
	outsideHeight -10.00
	landColourFile landscape_stronghold.bmp
	wavesColourFile waves_stronghold.bmp
	waterColourFile water_icecaps.bmp
Landscape_EndDefinition

LandscapeTiles_StartDefinition
	#                            frac  height desired gen         lowland
	# x       y       z    size   dim  scale  height  method seed smooth  guideGrid
	# =============================================================================
	  2582   0.00   2857    984  1.18   2.00    175      1 1421674845   1.00     0
	  1113   0.00   2153   1184  1.18   2.00    175      1 1421816653   1.00     0
	   129   0.00   1989   1184  1.18   2.00    175      1 1421960207   1.00     0
	  2802   0.00   2781   1184  1.18   2.00    175      0 1422139576   1.00     0
	   220   0.00    965    934  1.18   2.00    175      1 1422272867   1.00     0
	   702   0.00    703    934  1.18   2.00    175      1 1422341498   1.00     0
	  1708   0.00   1182    934  1.18   2.00    150      1 1422464805   0.00     0
	  2335   0.00    157   1314  1.18   2.00    200      1 1422982280   1.00     0
	  2590   0.00   1983    934  1.18   2.00    150      1 14827894   0.00     0
LandscapeTiles_EndDefinition

LandFlattenAreas_StartDefinition
	# x      y       z      size
	# ==========================
LandFlattenAreas_EndDefinition

Lights_StartDefinition
	# x      y      z        r      g      b
	# =========================================
	 -0.62   0.00   0.78     1.87   1.28   1.04
	  0.88   0.44  -0.17     0.69   0.61   0.55
Lights_EndDefinition

Buildings_StartDefinition
	# Type              id      x       z       tm      rx      rz      isGlobal
	# ==========================================================================
	TrunkPort           0       3646.08 3803.67 1       -0.88   -0.47   1       0       
	ControlTower        1       3604.95 3673.77 2       1.00    0.00    1            0
	SpawnPointMaster    2       2278.61 1786.83 1       0.80    -0.61   1       19    25    31    66    
	SpawnPoint          3       3004.87 3652.39 1       0.80    -0.61   0       
	SpawnPoint          4       2939.37 2998.37 1       0.60    0.80    0       
	SpawnPoint          5       2807.05 3389.90 1       -0.97   0.24    0       
	SpawnPoint          6       1157.66 3066.02 1       0.85    -0.52   0       
	SpawnPoint          7       615.87  2996.67 1       0.58    -0.81   0       
	SpawnPoint          8       1545.06 2652.78 1       -1.00   0.06    0       
	SpawnPoint          9       1751.43 2319.18 1       -1.00   0.06    0       
	SpawnPoint          10      879.54  2186.31 1       0.12    0.99    0       
	SpawnPoint          11      477.58  1406.26 1       0.99    0.15    0       
	SpawnPoint          12      1038.17 1171.79 1       0.12    0.99    0       
	SpawnPoint          13      1310.23 1468.11 1       -1.00   -0.04   0       
	SpawnPoint          14      1341.72 912.35  1       -0.76   0.65    0       
	SpawnPoint          15      3462.11 1248.73 1       -0.46   -0.89   0       
	SpawnPoint          16      3480.98 461.97  1       -0.92   -0.38   0       
	SpawnPoint          17      2753.24 980.20  1       -0.55   -0.84   0       
	SpawnPoint          18      2554.16 378.31  1       0.02    1.00    0       
	SpawnLink           19      2119.75 2008.60 1       1.00    0.00    0       20    
	SpawnLink           20      1900.57 2201.75 1       1.00    0.00    0       21    9     
	SpawnLink           21      1890.40 2500.59 1       1.00    0.00    0       22    
	SpawnLink           22      1666.71 2710.00 1       1.00    0.00    0       23    8     24    
	SpawnLink           23      736.63  2572.99 1       1.00    0.00    0       7     10    45    
	SpawnLink           24      1278.21 3213.82 1       1.00    0.00    0       6     
	SpawnLink           25      2129.50 1600.83 1       1.00    0.00    0       26    
	SpawnLink           26      1711.35 1430.41 1       1.00    0.00    0       27    28    
	SpawnLink           27      1325.12 1629.62 1       1.00    0.00    0       13    29    
	SpawnLink           28      1567.37 1036.88 1       1.00    0.00    0       14    
	SpawnLink           29      1004.31 1515.07 1       1.00    0.00    0       30    
	SpawnLink           30      784.90  1181.61 1       1.00    0.00    0       12    11    
	SpawnLink           31      2510.66 1628.44 1       1.00    0.00    0       32    
	SpawnLink           32      2830.73 1360.00 1       1.00    0.00    0       17    33    
	SpawnLink           33      3235.55 1103.11 1       1.00    0.00    0       15    34    
	SpawnLink           34      3130.24 565.58  1       1.00    0.00    0       16    35    
	SpawnLink           35      2816.61 565.54  1       1.00    0.00    0       18    
	AITarget            36      3069.33 3585.43 1       1.00    0.00    0       
	AITarget            37      2995.42 3044.52 1       1.00    0.00    0       
	AITarget            38      2745.09 3409.56 1       1.00    0.00    0       
	AITarget            39      1208.18 3019.98 1       1.00    0.00    0       
	AITarget            40      1486.75 2656.10 1       1.00    0.00    0       
	AITarget            41      1698.30 2323.47 1       1.00    0.00    0       
	AITarget            42      888.50  2247.03 1       1.00    0.00    0       
	AITarget            43      648.21  2943.53 1       1.00    0.00    0       
	AITarget            44      1116.08 2635.75 1       1.00    0.00    0       
	SpawnPoint          45      1111.53 2548.19 1       1.00    0.00    0       
	AITarget            46      555.37  1407.45 1       1.00    0.00    0       
	AITarget            47      1046.66 1250.43 1       1.00    0.00    0       
	AITarget            48      1257.14 1467.04 1       1.00    0.00    0       
	AITarget            49      1289.65 959.74  1       1.00    0.00    0       
	AITarget            50      2703.97 926.08  1       1.00    0.00    0       
	AITarget            51      2566.60 435.72  1       1.00    0.00    0       
	AITarget            52      3397.95 420.29  1       1.00    0.00    0       
	AITarget            53      3417.54 1175.09 1       1.00    0.00    0       
	AITarget            54      3358.30 854.12  1       1.00    0.00    0       
	AITarget            55      3012.84 328.40  1       1.00    0.00    0       
	RadarDish           56      2688.83 3536.66 1       0.71    -0.70   1       
	ControlTower        57      2789.82 3731.88 1       0.02    -1.00   1           56
	ControlTower        58      1623.75 3062.13 1       0.80    0.61    1           59
	RadarDish           59      1577.11 3224.39 1       -0.94   -0.35   1       
	RadarDish           60      1086.31 2244.47 1       0.00    1.00    1       
	ControlTower        61      1220.26 2302.40 1       -0.13   0.99    1           60
	RadarDish           62      679.71  1674.96 1       0.14    -0.99   1       
	ControlTower        63      575.99  1727.20 1       0.83    -0.56   1           62
	RadarDish           64      2518.23 1067.65 1       -0.06   -1.00   1       
	ControlTower        65      2466.95 1176.00 1       0.41    -0.91   1           64
	SpawnLink           66      2717.98 2208.96 1       1.00    0.00    0       67    
	SpawnLink           67      2834.65 2452.28 1       1.00    0.00    0       68    
	SpawnLink           68      2747.14 2739.19 1       1.00    0.00    0       69    
	SpawnLink           69      2725.45 3098.48 1       1.00    0.00    0       70    
	SpawnLink           70      2878.14 3216.53 1       1.00    0.00    0       71    4     5     
	SpawnLink           71      3092.86 3364.66 1       1.00    0.00    0       3     
	SpawnPopulationLock 72      940.91  1211.72 1       1.00    0.00    0       782.50   300   
	SpawnPopulationLock 73      1148.18 2814.75 1       1.00    0.00    0       1012.99  500   
	SpawnPopulationLock 75      2974.80 826.47  1       1.00    0.00    0       787.86   250   
	TrunkPort           76      1906.90 1771.73 1       1.00    0.03    1       4       
	SpiritSpawner       77      1906.24 1828.42 1       1.00    0.00    0       78      
	ReceiverLink        78      2078.36 1780.63 1       1.00    0.00    0       79      
	ReceiverLink        79      2269.98 1794.04 1       1.00    0.00    0       -1      
	TrunkPort           80      424.18  2609.99 1       1.00    0.00    1       2       
	ControlTower        81      575.31  2507.46 1       1.00    0.00    1           80
	SpawnPopulationLock 74      3144.36 3419.28 1       1.00    0.00    0       673.93   200   
	Tree                103     2001.87 1491.39 1       1.00    0.00    0       84.85   0.00    0.86    0.65    7       41913   -11695915   -11498296   0       
	Tree                104     2145.52 1556.24 1       1.00    0.00    0       85.42   0.00    0.86    0.65    7       52552   -11695915   -11498296   0       
	Tree                105     2124.79 1399.90 1       1.00    0.00    0       77.47   0.00    0.86    0.65    7       52592   -11695915   -11498296   0       
	Tree                106     1956.56 1902.57 1       1.00    0.00    0       86.64   0.00    0.86    0.65    7       52640   -11695915   -11498296   0       
	Tree                107     1978.67 1664.57 1       1.00    0.00    0       87.04   0.00    0.86    0.65    7       52671   -11695915   -11498296   0       
	FeedingTube         82      3645.24 3803.07 1       0.45    -0.89   0       83      
	FeedingTube         83      3356.60 3584.58 1       0.90    -0.43   0       84      
	FeedingTube         84      3335.35 3236.08 1       0.97    -0.25   0       85      
	FeedingTube         85      3017.97 2714.81 1       1.00    -0.10   0       86      
	FeedingTube         86      2845.52 1945.28 1       0.85    -0.52   0       87      
	FeedingTube         87      2426.61 1679.20 1       0.54    -0.84   0       88      
	FeedingTube         88      2192.08 1665.67 1       -0.23   -0.97   0       89      
	FeedingTube         89      1907.31 1771.71 1       0.07    -1.00   0       90      
	FeedingTube         90      1560.18 1941.51 1       0.83    0.56    0       91      
	FeedingTube         91      1405.92 2373.29 1       0.70    0.72    0       92      
	FeedingTube         92      1064.06 2816.12 1       0.45    0.89    0       93      
	FeedingTube         93      753.15  2860.52 1       0.36    -0.93   0       94      
	FeedingTube         94      575.62  2622.04 1       0.50    -0.87   0       95      
	FeedingTube         95      424.59  2610.23 1       0.02    -1.00   0       -1      
Buildings_EndDefinition

