Landscape_StartDefinition
	worldSizeX 4500
	worldSizeZ 4500
	cellSize 16.00
	outsideHeight -10.00
	landColourFile landscape_doomsday.bmp
	wavesColourFile waves_earth.bmp
	waterColourFile water_icecaps.bmp
Landscape_EndDefinition

LandscapeTiles_StartDefinition
	#                            frac  height desired gen         lowland
	# x       y       z    size   dim  scale  height  method seed smooth  guideGrid
	# =============================================================================
	   922   0.00   1005   2244  1.50   2.00    180      1 18480966   0.50     0
	   838   0.00    572    864  1.50   2.00    180      1 18747819   0.00     0
	   215   0.00    561    864  1.50   2.00    180      1 18884218   0.00     0
	  2196   0.00    206   1024  1.50   2.00    180      1 1421358   1.00     0
	  3440   0.00     76   1024  1.50   2.00    180      1 3132225   1.00     0
	  3305   0.00    773   1024  1.50   2.00    180      1 3315323   1.00     0
	  2801   0.00   1057   1024  1.50   2.00    180      1 3628022   1.00     0
	  3329   0.00   1614   1024  1.50   2.00    180      1 3906082   1.00     0
	  2256   0.00   2508   1024  1.50   2.00    180      1 2959599   1.00     0
	  2575   0.00   3147   1024  1.50   2.00    180      1 3042415   1.00     0
	  3421   0.00   3242   1024  1.50   2.00    180      1 3098974   1.00     0
	  1456   0.00   3366   1024  1.50   2.00    180      1 3304385   1.00     0
	   617   0.00   3326   1024  1.50   2.00    180      1 3437216   1.00     0
	   150   0.00   3007   1024  1.50   2.00    180      1 3619715   1.00     0
LandscapeTiles_EndDefinition

LandFlattenAreas_StartDefinition
	# x      y       z      size
	# ==========================
LandFlattenAreas_EndDefinition

Lights_StartDefinition
	# x      y      z        r      g      b
	# =========================================
	  0.07   0.35   0.93     0.58   0.58   0.58
	 -0.04   0.43   0.90     1.43   0.71   0.29
Lights_EndDefinition

Buildings_StartDefinition
	# Type              id      x       z       tm      rx      rz      isGlobal
	# ==========================================================================
	SpawnPointMaster    45      149.13  1140.29 1       1.00    0.00    0       46    
	ControlTower        0       463.86  1245.21 2       0.22    -0.98   1           17
	TrunkPort           17      351.33  1172.80 1       1.00    0.00    1       1       
	RadarDish           30      2897.09 1593.70 1       0.00    1.00    1       
	ControlTower        31      2818.96 1621.70 1       0.90    0.43    1           30
	DynamicNode         39      2509.93 2938.49 1       -0.00   1.00    0       1       spiritreceiver.shp  2       0       
	SpawnPoint          40      880.05  929.72  1       0.54    0.84    0       
	SpawnPoint          41      2045.92 1250.30 1       -0.99   0.11    0       
	AITarget            42      1959.57 1267.22 1       1.00    0.00    0       
	AITarget            43      1447.40 1219.33 1       1.00    0.00    0       
	AITarget            44      966.27  987.84  1       1.00    0.00    0       
	SpawnLink           46      351.95  1119.74 1       1.00    0.00    0       47    
	SpawnLink           47      641.56  984.73  1       1.00    0.00    0       48    40    80    
	SpawnLink           48      1113.88 778.34  1       1.00    0.00    0       49    
	SpawnLink           49      1590.69 923.45  1       1.00    0.00    0       50    93    
	SpawnLink           50      2009.56 1058.52 1       1.00    0.00    0       41    
	AITarget            51      1455.09 1760.73 1       1.00    0.00    0       
	Tree                52      4350.55 4085.94 1       1.00    0.00    0       67.00   10.00   0.61    0.80    7       62907   -11888917   -64581      33      
	Tree                53      4279.41 4123.83 1       1.00    0.00    0       64.60   10.00   0.61    0.80    7       14691   -11888917   -64581      22      
	Tree                54      1527.15 3490.92 1       1.00    0.00    0       75.36   10.00   0.61    0.80    8       79722   -11888917   -64581      33      
	Tree                55      983.41  2590.77 1       1.00    0.00    0       86.57   10.00   0.61    0.80    7       15219   -11888917   -64581      33      
	Tree                56      2638.80 1232.39 1       1.00    0.00    0       80.24   10.00   0.61    0.80    7       15320   -11888917   -64581      33      
	Tree                57      2490.35 1299.68 1       1.00    0.00    0       80.60   10.00   0.61    0.80    7       15350   -11888917   -64581      33      
	Tree                58      2589.36 1306.24 1       1.00    0.00    0       75.00   10.00   0.61    0.80    7       15399   -11888917   -64581      33      
	DynamicNode         59      2129.32 3506.81 1       -0.00   0.97    0       1       spiritreceiver.shp  2       0       
	AITarget            60      4114.10 3471.92 1       1.00    0.00    0       
	AITarget            61      3602.50 3620.47 1       1.00    0.00    0       
	AITarget            62      2955.71 3414.64 1       1.00    0.00    0       
	AITarget            63      2466.51 2988.19 1       1.00    0.00    0       
	AITarget            64      2154.78 3548.22 1       1.00    0.00    0       
	AITarget            65      1762.38 3779.62 1       1.00    0.00    0       
	AITarget            66      1316.26 3579.12 1       1.00    0.00    0       
	AITarget            67      3178.99 3600.65 1       1.00    0.00    0       
	AITarget            68      2893.76 3153.08 1       1.00    0.00    0       
	AITarget            69      919.44  3340.50 1       1.00    0.00    0       
	AITarget            70      1070.59 2878.48 1       1.00    0.00    0       
	AITarget            71      1401.59 2610.22 1       1.00    0.00    0       
	AITarget            72      1548.08 3059.71 1       1.00    0.00    0       
	AITarget            73      1969.36 2846.64 1       1.00    0.00    0       
	AITarget            74      1429.72 2205.07 1       1.00    0.00    0       
	AITarget            75      2166.94 2531.12 1       1.00    0.00    0       
	SpawnPoint          76      1403.52 3967.96 1       0.22    -0.98   0       
	SpawnPoint          77      2098.56 3951.51 1       0.73    -0.68   0       
	SpawnPoint          78      368.39  3705.21 1       0.27    -0.96   0       
	SpawnPopulationLock 79      2053.07 2497.35 1       1.00    0.00    0       3000.00  1700  
	SpawnLink           80      928.24  1322.88 1       1.00    0.00    0       81    
	SpawnLink           81      780.56  1870.63 1       1.00    0.00    0       82    
	SpawnLink           82      753.51  2336.74 1       1.00    0.00    0       83    
	SpawnLink           83      695.99  2824.12 1       1.00    0.00    0       84    
	SpawnLink           84      594.16  3395.92 1       1.00    0.00    0       78    85    
	SpawnLink           85      1225.21 4088.18 1       1.00    0.00    0       76    86    
	SpawnLink           86      1968.15 4120.25 1       1.00    0.00    0       77    
	SpawnPoint          87      2413.90 656.99  1       0.99    0.11    0       
	SpawnPoint          88      3080.53 561.28  1       -0.97   0.26    0       
	AITarget            89      3011.91 584.22  1       1.00    0.00    0       
	AITarget            90      2683.28 626.65  1       1.00    0.00    0       
	AITarget            91      2678.66 482.93  1       1.00    0.00    0       
	AITarget            92      2479.75 627.38  1       1.00    0.00    0       
	SpawnLink           93      1862.80 606.70  1       1.00    0.00    0       94    
	SpawnLink           94      2224.96 330.24  1       1.00    0.00    0       95    
	SpawnLink           95      2442.39 442.08  1       1.00    0.00    0       96    
	SpawnLink           96      2903.02 533.96  1       1.00    0.00    0       88    87    
	RadarDish           97      2975.34 1028.93 1       0.19    -0.98   1       
	ControlTower        98      3053.46 1004.82 1       0.92    0.39    1           97
	RadarDish           99      3544.61 713.90  1       0.98    0.22    1       
	ControlTower        100     3535.22 819.74  1       -0.99   0.16    1           99
	RadarDish           101     4019.94 2513.52 1       -0.16   -0.99   1       
	ControlTower        102     4210.57 2436.71 1       -0.46   -0.89   1          101
	RadarDish           103     3117.23 2806.45 1       -0.95   -0.32   1       
	ControlTower        106     3002.13 2819.71 1       0.62    -0.78   1          103
	ControlTower        108     3274.35 3740.77 1       -0.50   -0.86   1          107
	DynamicNode         116     2166.40 2370.90 1       0.00    0.82    0       1       spiritreceiver.shp  3       0       
	DynamicNode         117     1873.16 2045.76 1       -0.00   0.99    0       1       spiritreceiver.shp  3       0       
	AITarget            118     2255.58 3697.13 1       1.00    0.00    0       
	TrunkPort           119     853.25  3078.17 1       0.07    1.00    1       5       
	TrunkPort           120     1107.35 1910.98 1       0.97    0.23    1       6       
	AITarget            125     475.23  3587.70 1       1.00    0.00    0       
	AITarget            105     1881.23 2070.73 1       1.00    0.00    0       
	AITarget            126     2120.45 2309.02 1       1.00    0.00    0       
	ControlTower        128     1583.01 2770.44 1       0.14    -0.99   1          127
	SpawnPopulationLock 132     1493.92 1000.50 1       1.00    0.00    0       800.00   300   
	SpawnPopulationLock 133     2731.76 630.12  1       1.00    0.00    0       600.00   200   
	SpawnPopulationLock 134     1262.90 3996.53 1       1.00    0.00    0       1200.00  400   
	GunTurret           131     1465.45 1723.75 1       0.71    0.71    0       
	ControlTower        138     1795.70 1708.30 1       -0.95   0.30    1          130
	GunTurret           121     1482.48 2398.41 1       1.00    0.00    0       
	GunTurret           122     1417.03 3783.73 1       1.00    0.00    0       
	AITarget            139     1687.72 2755.10 1       1.00    0.00    0       
	FeedingTube         140     351.25  1172.55 1       0.07    -1.00   0       141     
	FeedingTube         141     662.78  1116.73 1       0.80    0.61    0       142     
	FeedingTube         142     845.92  829.44  1       0.92    0.39    0       143     
	FeedingTube         143     1062.87 467.61  1       -0.08   -1.00   0       144     
	FeedingTube         144     1614.79 745.91  1       0.85    -0.52   0       145     
	FeedingTube         145     1682.25 1045.16 1       0.99    -0.15   0       146     
	FeedingTube         146     1584.12 1808.14 1       0.95    -0.30   0       149     
	FeedingTube         147     1107.39 1911.17 1       0.22    -0.98   0       148     
	FeedingTube         148     1467.36 1982.65 1       0.32    -0.95   0       149     
	FeedingTube         149     1765.31 2087.59 1       0.58    -0.81   0       150     
	FeedingTube         150     1990.05 2219.94 1       -0.06   1.00    0       -1      
	FeedingTube         151     853.30  3078.21 1       1.00    0.00    0       152     
	FeedingTube         152     872.84  2532.74 1       1.00    0.00    0       153     
	FeedingTube         153     873.60  2028.90 1       0.88    0.48    0       147     
	Incubator           154     2338.07 3861.98 1       -0.67   -0.75   1            0
	ControlTower        155     2226.20 3911.54 1       -0.83   -0.56   1          154
Buildings_EndDefinition

