Difficulty_StartDefinition
	CreatedAsDifficulty 1
Difficulty_EndDefinition

CameraMounts_StartDefinition
	# Name	          Pos                   Front          Up
	# =========================================================================
	start            196.82  458.33  831.12 0.73 -0.47 0.50 0.39 0.88 0.27
	intro1          1553.96  627.73 2236.16 0.80 -0.58 -0.13 0.57 0.81 -0.09
	intro2          2344.19  370.78 2586.71 0.27 -0.39 0.88 0.12 0.92 0.37
	intro3          4412.52  355.39 3937.96 -0.40 -0.37 -0.84 -0.16 0.93 -0.33
	intro4           853.77  419.62 1495.44 -0.64 -0.60 -0.48 -0.48 0.80 -0.36
	trunk1          1366.56  374.37 1745.36 -0.37 -0.52 0.77 -0.23 0.85 0.47
	outro1          2207.74  571.21 1639.38 -0.76 -0.39 0.53 -0.32 0.92 0.22
	outro2          1537.53 1046.65 1833.34 -0.62 -0.77 0.15 -0.75 0.64 0.18
CameraMounts_EndDefinition

CameraAnimations_StartDefinition
CameraAnimations_EndDefinition

Buildings_StartDefinition
	# Type              id      x       z       tm      rx      rz      isGlobal
	# ==========================================================================
	DynamicHub          1       2033.03 2219.42 1       0.97    0.25    1       -1      perditionweapon.shp  3000    0       4       
	FenceSwitch         16      3916.36 2172.00 1       0.45    0.89    1       3       15      3       1  doomsday_fenceswitch_center.txt  0  
	FenceSwitch         38      4197.40 3446.79 1       -0.32   0.95    1       5       -1      5       1  doomsday_fenceswitch_center.txt  0  
	AISpawnPoint        123     1133.23 1918.10 1       1.00    0.00    1       120    12     100    30     -1     -1    
	AISpawnPoint        124     851.98  3108.79 1       -0.23   0.97    1       119    12     100    30     -1     -1    
	AISpawnPoint        129     1147.96 1908.33 1       1.00    0.00    1       120    16     1      180    -1     0     
	ScriptTrigger       135     1476.90 1182.46 2       1.00    0.00    1       -1     200.00 doomsday_turret Squadie
	ScriptTrigger       136     432.48  863.26  1       1.00    0.00    1       -1     100.00 doomsday_intro.txt always
	ScriptTrigger       137     2166.29 2370.24 0       1.00    0.00    1       -1     50.00  doomsday_trunkports.txt Darwinian
	Incubator           107     3213.65 3624.26 1       0.36    -0.93   1            0
	Triffid             104     4325.80 4121.42 1       -0.80   -0.60   0       1.00   1.20   300.00 0.30   60.00  1 -1200.00 -1300.00 100.00 1 0 0 0 0 0 0 
	Incubator           127     1699.16 2807.06 1       -0.23   -0.97   1            0
	Incubator           130     1598.71 1681.40 1       -0.86   0.52    1            0
	LaserFence          2       1908.86 2444.96 1       -0.28   0.96    0       4       2.00  2
	LaserFence          3       2333.18 2140.51 1       0.92    -0.39   0       2       2.00  2
	LaserFence          4       1780.54 1946.42 1       -0.63   -0.78   0       3       2.00  2
	LaserFence          5       2229.71 2471.38 1       0.45    0.89    0       6       2.00  2
	LaserFence          6       1774.81 2273.79 1       -0.98   0.21    0       7       2.00  2
	LaserFence          7       2170.21 1908.22 1       0.41    -0.91   0       5       2.00  2
	LaserFence          8       1224.67 1601.24 1       -0.67   -0.75   0       9       1.50  0
	LaserFence          9       1328.29 1485.90 1       -0.32   -0.95   0       10      2.00  0
	LaserFence          10      1667.28 1494.53 1       0.22    -0.98   0       11      2.00  0
	LaserFence          11      1759.90 1628.45 1       0.85    -0.52   0       23      1.50  4
	LaserFence          12      2402.62 2388.71 1       0.95    0.30    0       13      2.00  0
	LaserFence          13      2348.48 1855.14 1       0.76    -0.64   0       14      2.00  0
	LaserFence          14      2187.41 1686.69 1       0.58    -0.81   0       8       1.50  4
	LaserFence          15      2263.18 2552.48 1       0.92    0.39    0       12      1.50  0
	LaserFence          18      1263.61 2557.58 1       -0.69   0.72    0       19      1.50  0
	LaserFence          19      1488.81 2812.49 1       -0.73   0.69    0       20      1.50  0
	LaserFence          20      1619.79 2944.90 1       -0.65   0.76    0       21      1.50  0
	LaserFence          21      1935.76 3202.56 1       -0.18   0.98    0       22      1.50  0
	LaserFence          22      2172.20 3255.26 1       -0.41   0.91    0       114     1.00  4
	LaserFence          23      1216.46 2458.69 1       -0.92   0.40    0       18      1.00  0
	LaserFence          24      3530.71 1059.15 1       0.07    -1.00   0       25      1.00  2
	LaserFence          25      3866.05 1148.75 1       0.66    -0.75   0       26      1.00  2
	LaserFence          26      3973.38 1372.42 1       0.99    -0.15   0       27      1.00  2
	LaserFence          27      3825.47 1516.91 1       0.73    0.68    0       -1      1.00  0
	LaserFence          28      3448.12 1107.50 1       -0.55   -0.84   0       24      1.00  2
	LaserFence          32      3013.28 1606.98 1       0.90    0.43    0       33      1.00  2
	LaserFence          33      2901.24 1710.60 1       0.24    0.97    0       34      1.00  2
	LaserFence          34      2683.22 1723.78 1       -0.53   0.85    0       35      1.00  2
	LaserFence          35      2531.34 1620.12 1       -0.82   0.57    0       36      1.00  2
	LaserFence          36      2426.43 1690.38 1       -0.99   -0.14   0       -1      1.00  0
	LaserFence          37      3188.77 1693.04 1       1.00    -0.05   0       32      1.00  2
	FenceSwitch         29      2587.48 431.89  1       0.54    -0.84   1       28      37      28      1  doomsday_fenceswitch2.txt  0  
	LaserFence          109     1933.80 3116.80 1       -0.95   0.30    0       110     1.00  2
	LaserFence          110     2012.82 2951.37 1       -0.74   -0.68   0       111     1.00  2
	LaserFence          111     2227.38 2720.72 1       -0.55   -0.84   0       112     1.00  2
	LaserFence          112     2385.31 2624.89 1       -0.08   -1.00   0       113     1.00  2
	LaserFence          113     2455.58 2696.72 1       0.50    -0.87   0       28      1.00  4
	LaserFence          114     1976.97 3189.81 1       -0.87   0.49    0       109     1.00  2
	FenceSwitch         115     2264.81 3653.81 1       -1.00   -0.04   1       37      -1      37      1  doomsday_fenceswitch1.txt  0  
Buildings_EndDefinition

InstantUnits_StartDefinition
	# Type         team    x       z   count  inUnit state   spread  waypointX waypointZ  routeId
	# ==================================================================================
	Darwinian        1   966.2   977.0     20    0      -1    50.0     0.0     0.0   -1   -1
	Darwinian        1  1959.7  1271.0     20    0      -1    50.0     0.0     0.0   -1   -1
	AI               1    21.7    40.2      1    0      -1     1.0     0.0     0.0   -1   -1
	Darwinian        1  4269.2  3472.7     40    0      -1   100.0     0.0     0.0   -1   -1
	Darwinian        1  2594.3  2988.8     40    0      -1   100.0     0.0     0.0   -1   -1
	Darwinian        1  2251.8  3665.0     10    0      -1   100.0     0.0     0.0   -1   -1
	Darwinian        1  1433.1  3928.5     10    0      -1    50.0     0.0     0.0   -1   -1
	Darwinian        1  2116.0  3893.6     10    0      -1    50.0     0.0     0.0   -1   -1
	Darwinian        1   406.7  3722.1     10    0      -1    50.0     0.0     0.0   -1   -1
	Darwinian        1  1451.2  1815.5     30    0      -1   120.0     0.0     0.0   -1   -1
	Darwinian        1  1449.0  2351.4     20    0      -1   100.0     0.0     0.0   -1   -1
	Darwinian        1  1956.9  2859.5     25    0      -1   120.0     0.0     0.0   -1   -1
	Darwinian        1  2488.1   654.7     25    0      -1    80.0     0.0     0.0   -1   -1
	Darwinian        1  2678.2   447.8     10    0      -1    40.0     0.0     0.0   -1   -1
	Darwinian        1  3013.9   574.7     10    0      -1    40.0     0.0     0.0   -1   -1
	Spider           1  1491.6  2050.9      4    0      -1   300.0     0.0     0.0   -1   -1
	Centipede        1  1513.9  2179.8     20    1      -1   300.0     0.0     0.0   -1   -1
	Virii            1  1236.2  1867.9    100    0      -1   150.0     0.0     0.0   -1   -1
	Virii            1  1386.2  1986.7    100    0      -1   200.0     0.0     0.0   -1   -1
	Virii            1  1535.5  2135.5    100    0      -1   200.0     0.0     0.0   -1   -1
	SporeGenerator   1  2756.0  2087.2      2    0      -1   300.0     0.0     0.0   -1   -1
	Virii            1  2619.5  2219.1    150    0      -1   200.0     0.0     0.0   -1   -1
	Virii            1  2646.0  1956.2    150    0      -1   200.0     0.0     0.0   -1   -1
	Virii            1  2852.7  2094.5    150    0      -1   200.0     0.0     0.0   -1   -1
	Darwinian        1  3924.1  2213.5     20    0      -1   100.0     0.0     0.0   -1   -1
	Darwinian        1  2165.8  2381.2      5    0      -1    20.0     0.0     0.0   -1   -1
	Darwinian        1  1858.5  2028.3      5    0      -1    20.0     0.0     0.0   -1   -1
	Darwinian        1  2152.6  3571.0     10    0      -1   100.0     0.0     0.0   -1   -1
	Virii            1  3921.0   836.4    120    0      -1   200.0     0.0     0.0   -1   -1
	Virii            1  3797.6  3582.7     20    0      -1   100.0     0.0     0.0   -1   -1
	Virii            1  3614.9  3621.3     30    0      -1   130.0     0.0     0.0   -1   -1
	Virii            1  3973.5  3558.3     30    0      -1   100.0     0.0     0.0   -1   -1
	Centipede        1  3656.9  3612.3     24    1      -1   400.0     0.0     0.0   -1   -1
	Spider           1  3505.6  1323.5      1    0      -1   200.0     0.0     0.0   -1   -1
	Spider           1  3374.0  1542.5      1    0      -1   200.0     0.0     0.0   -1   -1
	Spider           1  3517.9  1778.3      1    0      -1   200.0     0.0     0.0   -1   -1
	Virii            1  3315.6  3630.4     60    0      -1   200.0     0.0     0.0   -1   -1
	Darwinian        0   582.0  1141.3     30    0      -1    50.0     0.0     0.0   -1   -1
	Darwinian        0   506.7  1159.9     35    0      -1    50.0     0.0     0.0   -1   -1
	Darwinian        0   433.7  1177.1     30    0      -1    50.0     0.0     0.0   -1   -1
InstantUnits_EndDefinition

Routes_StartDefinition
	Route 0
		0   1881.00 250.00 2220.00
		End
Routes_EndDefinition

PrimaryObjectives_StartDefinition
	BuildingOnline :doomsday,1 	doomsday_objective	doomsday_objective.txt
PrimaryObjectives_EndDefinition
